-366 -176 -361 -92 -349 -11 -325 63 -281 126 -221 176 -151 214 -73 233 -1 229 54 208 86 164 115 116 144 63 163 4 177 -56 180 -115 171 -174 -252 -217 -210 -253 -155 -273 -93 -271 -36 -251 57 -252 89 -271 124 -277 156 -271 171 -247 15 -186 25 -139 38 -92 51 -45 -31 -9 0 0 32 8 58 -3 77 -18 -178 -170 -142 -186 -105 -190 -75 -169 -106 -161 -143 -160 52 -174 86 -196 118 -198 141 -184 121 -169 87 -169 -98 84 -43 65 -1 51 22 55 40 47 57 54 74 65 54 80 38 94 18 101 -7 102 -46 99 -76 82 -2 81 21 79 39 76 59 68 37 58 18 64 -5 67 10 20
-354 -172 -348 -92 -337 -13 -315 60 -275 124 -218 176 -149 215 -74 237 -5 233 51 213 86 167 117 118 145 64 160 6 171 -52 174 -110 169 -165 -242 -211 -203 -251 -145 -272 -83 -269 -25 -248 51 -243 88 -264 126 -274 161 -265 175 -234 13 -183 24 -138 36 -93 49 -47 -29 -8 0 0 29 8 53 -2 71 -16 -166 -169 -132 -185 -97 -188 -69 -169 -98 -158 -134 -157 46 -173 77 -192 108 -192 128 -177 109 -164 77 -164 -95 84 -42 70 0 57 20 62 38 54 53 60 67 68 50 79 36 91 17 97 -6 97 -44 93 -77 83 -2 84 19 83 37 79 55 71 35 60 18 66 -4 67 10 40
-369 -152 -357 -69 -341 10 -314 82 -268 141 -205 185 -128 211 -48 225 22 221 74 201 107 159 133 114 154 62 167 5 175 -51 176 -108 166 -164 -262 -208 -218 -238 -161 -256 -100 -256 -44 -237 49 -237 81 -255 118 -261 152 -255 171 -230 9 -173 19 -131 31 -88 43 -46 -31 -8 0 0 32 7 54 -2 71 -17 -184 -158 -148 -176 -111 -180 -81 -157 -112 -147 -149 -146 48 -161 81 -184 114 -187 137 -172 117 -155 83 -155 -87 87 -41 61 0 45 24 49 42 41 65 50 81 67 67 90 48 103 27 108 2 109 -39 103 -68 85 1 76 24 74 43 71 68 68 44 65 25 71 1 73 10 50
-373 -176 -360 -93 -344 -13 -316 62 -268 127 -202 183 -128 234 -51 275 25 280 84 256 113 195 133 127 149 57 156 -11 161 -74 162 -135 152 -194 -255 -242 -215 -277 -161 -293 -103 -291 -52 -269 40 -267 71 -289 104 -296 135 -294 149 -270 5 -203 18 -154 33 -105 49 -54 -36 -8 0 0 35 8 60 -3 78 -19 -186 -193 -151 -209 -114 -212 -88 -189 -116 -181 -152 -180 38 -193 70 -216 102 -218 122 -203 104 -189 72 -188 -75 104 -30 74 11 54 35 59 56 48 85 61 100 82 91 118 69 139 44 146 17 147 -25 137 -52 103 13 92 36 90 58 86 86 85 63 93 40 99 16 100 10 60
-375 -183 -365 -99 -352 -15 -325 66 -277 135 -209 191 -132 240 -53 276 22 280 79 256 109 194 129 125 147 57 157 -10 164 -76 163 -140 152 -201 -258 -244 -218 -280 -162 -296 -103 -292 -51 -270 41 -269 71 -290 105 -298 136 -296 149 -272 5 -203 19 -155 34 -106 50 -56 -35 -8 0 0 35 8 59 -3 77 -18 -188 -196 -153 -212 -117 -215 -88 -191 -118 -183 -154 -182 37 -193 68 -218 100 -221 120 -205 102 -191 70 -190 -74 104 -30 76 13 56 36 61 55 50 81 62 95 81 86 117 67 138 43 145 17 146 -26 135 -52 103 14 94 36 92 56 88 81 84 61 93 40 100 17 101 10 80
-379 -209 -368 -122 -354 -36 -329 47 -282 117 -216 174 -141 225 -64 267 11 274 68 254 102 198 124 130 144 62 157 -5 165 -72 166 -139 157 -203 -257 -248 -214 -283 -157 -297 -97 -293 -47 -270 44 -268 74 -290 107 -300 138 -299 155 -278 8 -202 21 -153 35 -104 50 -54 -35 -9 0 0 35 8 60 -2 81 -17 -186 -200 -152 -216 -114 -219 -85 -194 -115 -186 -152 -186 43 -197 74 -220 108 -223 128 -207 108 -190 76 -191 -74 103 -30 74 13 54 37 58 56 48 85 60 100 83 88 118 66 140 43 147 16 147 -26 134 -52 101 13 91 37 89 56 85 86 82 61 94 40 101 16 101 10 110
-373 -197 -363 -113 -347 -30 -321 48 -274 117 -208 178 -133 232 -55 275 22 280 78 256 107 194 124 126 142 57 154 -10 165 -74 168 -139 156 -201 -257 -246 -215 -281 -160 -296 -102 -293 -50 -272 47 -269 77 -288 109 -296 138 -294 154 -273 8 -203 21 -153 35 -103 50 -51 -35 -8 0 0 35 9 59 -2 77 -17 -185 -197 -152 -213 -116 -215 -89 -192 -118 -183 -153 -182 43 -195 73 -217 105 -220 126 -206 107 -190 76 -189 -79 104 -35 76 9 57 33 62 53 51 80 62 94 82 85 119 64 139 40 147 13 149 -31 138 -57 104 9 94 33 92 54 88 79 85 59 93 36 100 12 102 10 130
-374 -177 -366 -96 -353 -19 -329 51 -287 109 -225 150 -149 178 -73 199 -7 204 44 191 79 152 113 111 141 61 157 4 167 -56 171 -114 165 -171 -251 -211 -203 -237 -148 -250 -89 -247 -35 -226 59 -224 91 -243 126 -251 159 -247 178 -226 16 -159 25 -119 35 -80 45 -41 -29 -8 0 0 29 7 51 0 67 -12 -178 -157 -141 -170 -105 -172 -74 -151 -107 -143 -144 -144 53 -152 85 -172 117 -175 139 -164 119 -148 87 -147 -87 70 -37 54 -1 44 19 49 34 43 51 52 68 65 48 78 33 82 16 84 -5 82 -40 77 -68 69 -2 69 18 69 33 69 54 65 32 55 17 58 -3 57 10 220
-378 -224 -370 -133 -356 -44 -332 39 -287 110 -221 170 -143 221 -64 262 10 266 63 245 96 192 117 126 136 57 150 -12 161 -82 166 -150 157 -215 -257 -254 -213 -289 -155 -301 -95 -297 -42 -273 41 -268 71 -292 106 -304 141 -305 162 -285 8 -202 20 -152 35 -102 49 -50 -33 -10 0 0 34 8 59 -4 79 -20 -184 -202 -150 -216 -113 -219 -85 -197 -115 -186 -151 -186 45 -199 76 -221 109 -224 129 -212 109 -194 79 -193 -76 102 -32 74 10 55 36 60 57 49 84 59 100 79 88 116 66 136 42 144 13 145 -28 133 -53 101 9 92 36 91 57 86 86 80 61 89 39 97 12 98 10 230
-375 -222 -366 -135 -352 -49 -326 32 -280 102 -216 166 -143 221 -65 264 9 269 62 247 92 192 113 126 132 59 146 -6 158 -73 162 -140 155 -205 -258 -255 -212 -287 -156 -300 -97 -296 -47 -272 48 -269 76 -291 110 -301 142 -299 158 -276 7 -204 19 -152 33 -102 48 -50 -35 -9 0 0 33 9 56 -2 74 -18 -186 -203 -150 -217 -114 -219 -87 -197 -116 -189 -153 -189 43 -200 77 -223 109 -226 129 -211 110 -195 78 -194 -79 100 -35 75 8 55 31 60 51 50 78 61 93 80 83 117 61 139 38 148 12 149 -31 135 -56 100 8 93 31 91 52 87 79 81 56 93 34 99 12 100 10 240
-374 -215 -364 -127 -350 -40 -325 43 -280 114 -215 175 -139 227 -61 265 12 270 66 250 99 195 120 130 137 60 151 -8 161 -76 165 -143 158 -206 -259 -255 -213 -290 -156 -302 -96 -297 -44 -274 44 -271 76 -293 110 -306 143 -307 162 -285 10 -207 22 -155 37 -104 51 -50 -37 -10 0 0 35 9 61 -2 79 -18 -187 -205 -150 -220 -113 -222 -84 -198 -114 -190 -152 -190 46 -200 80 -223 113 -227 131 -213 114 -196 82 -195 -78 99 -32 72 10 54 33 59 55 50 83 60 98 76 86 115 65 137 39 145 13 146 -29 132 -55 99 11 90 33 88 56 84 85 79 59 92 36 99 14 100 10 250
-378 -226 -368 -140 -355 -52 -333 33 -288 105 -222 168 -144 222 -64 265 11 269 64 249 94 191 113 124 135 54 147 -12 157 -81 161 -147 154 -208 -256 -254 -210 -288 -153 -303 -93 -298 -42 -274 48 -273 78 -295 111 -303 140 -299 156 -277 13 -206 25 -154 38 -103 53 -50 -36 -8 0 0 35 9 61 -2 81 -18 -180 -191 -143 -194 -110 -198 -82 -192 -110 -180 -143 -179 41 -193 75 -200 104 -201 122 -196 103 -184 75 -185 -78 99 -33 74 12 55 36 59 58 49 85 60 101 76 90 114 68 136 42 144 15 145 -30 131 -56 98 12 92 36 89 59 84 87 79 62 90 39 98 15 99 10 260
-371 -226 -365 -138 -352 -50 -328 30 -283 101 -218 164 -143 218 -63 256 11 259 64 237 95 180 117 111 135 42 148 -26 157 -92 160 -156 149 -218 -252 -259 -209 -293 -151 -307 -92 -300 -39 -275 41 -269 73 -293 107 -306 142 -308 160 -282 10 -208 23 -154 37 -101 51 -47 -35 -10 0 0 36 9 63 -3 83 -21 -182 -207 -148 -221 -113 -221 -85 -200 -115 -193 -149 -193 48 -201 79 -224 108 -228 127 -216 110 -201 81 -199 -79 98 -33 72 11 53 37 59 59 48 84 57 99 74 87 111 66 135 41 144 13 145 -30 133 -59 97 12 90 36 89 60 84 86 76 62 89 38 97 13 98 10 310
-382 -236 -376 -148 -366 -58 -339 24 -290 94 -223 156 -148 211 -72 255 -2 261 50 241 82 179 109 111 134 39 150 -32 159 -102 160 -170 152 -234 -260 -262 -213 -291 -157 -305 -98 -301 -46 -279 45 -276 76 -298 110 -309 143 -309 158 -286 7 -207 20 -154 34 -100 49 -45 -36 -8 0 0 34 8 59 -4 79 -20 -190 -208 -152 -220 -116 -222 -88 -201 -117 -193 -153 -192 45 -206 77 -228 108 -233 127 -221 110 -204 80 -201 -84 97 -36 73 11 55 35 60 56 49 84 58 100 75 86 112 63 134 38 142 11 144 -35 132 -63 97 11 89 34 86 57 81 86 77 58 88 35 95 12 97 10 330
-134 -40 -133 -6 -131 27 -126 62 -112 93 -91 117 -64 136 -33 148 -1 151 29 148 55 135 75 115 89 89 97 58 99 27 100 -4 99 -33 -92 -82 -78 -104 -54 -117 -29 -119 -4 -111 34 -108 50 -118 71 -118 89 -108 96 -86 13 -79 13 -64 14 -50 14 -33 -12 0 0 0 12 1 22 0 32 0 -68 -62 -55 -72 -41 -74 -26 -66 -40 -62 -54 -60 40 -65 54 -75 68 -73 79 -63 67 -61 53 -62 -46 62 -26 43 -4 34 9 37 21 34 40 43 55 61 42 81 22 88 8 89 -6 88 -28 80 -38 60 -4 46 9 46 21 46 48 60 22 74 9 75 -5 74 10 340
-384 -229 -377 -142 -364 -54 -339 28 -294 98 -229 161 -153 215 -73 256 1 261 55 240 85 184 108 117 128 45 142 -22 154 -90 158 -153 152 -214 -258 -257 -212 -289 -154 -302 -95 -296 -42 -272 42 -269 72 -293 106 -305 139 -308 157 -285 8 -207 20 -152 35 -99 49 -44 -36 -8 0 0 35 9 59 -3 78 -20 -187 -205 -150 -215 -115 -217 -88 -198 -117 -191 -152 -191 47 -200 81 -220 111 -225 130 -215 112 -198 83 -197 -85 99 -37 77 8 57 33 62 55 50 82 59 99 73 85 111 64 137 39 146 10 148 -35 136 -64 101 8 94 33 92 56 86 85 78 58 91 35 99 10 100 10 420
-386 -256 -381 -167 -372 -74 -348 9 -300 81 -235 144 -159 201 -80 244 -4 249 50 229 78 169 100 102 121 35 140 -29 155 -96 159 -161 153 -223 -251 -266 -205 -297 -148 -309 -89 -304 -37 -282 60 -283 91 -304 124 -314 155 -315 166 -293 16 -208 27 -152 39 -97 52 -40 -36 -9 0 0 36 10 61 -3 80 -22 -183 -211 -145 -220 -108 -222 -81 -206 -111 -193 -147 -193 50 -211 84 -230 114 -235 130 -226 116 -206 86 -204 -84 93 -39 72 9 57 32 61 52 50 76 55 90 67 80 104 61 128 37 136 11 139 -36 127 -64 93 9 90 32 87 53 81 77 72 57 84 35 92 12 94 10 590
-380 -246 -372 -157 -358 -69 -335 12 -292 81 -230 146 -158 202 -80 243 -6 246 49 226 78 171 101 107 123 39 138 -27 151 -94 159 -157 155 -217 -257 -263 -209 -294 -150 -305 -90 -302 -36 -279 54 -278 88 -300 122 -309 155 -310 166 -287 16 -205 28 -151 41 -98 54 -41 -37 -9 0 0 36 11 63 -4 83 -22 -184 -202 -147 -202 -113 -203 -83 -198 -114 -185 -149 -184 49 -201 81 -209 109 -210 128 -209 110 -193 82 -193 -85 93 -36 73 10 56 34 60 56 50 81 56 96 65 84 104 63 127 37 136 9 139 -36 128 -63 93 9 90 33 86 56 80 82 71 59 83 35 90 11 94 10 600
-387 -265 -379 -173 -369 -82 -344 1 -297 75 -232 142 -158 201 -80 245 -8 251 45 228 74 164 98 95 124 26 143 -40 155 -106 159 -171 151 -231 -258 -264 -210 -295 -150 -306 -89 -302 -35 -279 54 -277 85 -298 119 -309 151 -312 165 -291 14 -205 27 -150 41 -95 55 -39 -37 -9 0 0 37 10 66 -4 87 -23 -185 -211 -146 -216 -110 -219 -82 -203 -113 -195 -147 -196 53 -208 86 -227 116 -233 133 -224 118 -206 88 -204 -83 91 -39 72 8 55 34 60 53 49 75 56 85 68 76 104 59 130 35 139 6 140 -38 125 -63 91 8 87 33 85 53 80 73 72 54 83 34 91 9 92 10 610
-391 -272 -383 -181 -370 -91 -345 -6 -302 68 -239 134 -168 195 -88 242 -11 247 44 223 79 158 107 88 132 14 150 -54 161 -123 164 -188 155 -249 -260 -269 -208 -294 -149 -305 -89 -300 -34 -278 53 -275 84 -296 118 -308 151 -312 166 -292 15 -206 26 -150 39 -95 52 -38 -36 -10 0 0 36 10 61 -3 81 -22 -185 -212 -147 -216 -111 -219 -81 -203 -112 -195 -148 -196 50 -207 84 -224 112 -229 132 -225 115 -206 86 -203 -84 91 -37 73 7 56 32 60 51 49 72 56 87 66 75 104 58 132 34 141 7 143 -37 129 -65 92 8 88 31 85 52 79 73 72 53 87 32 95 8 97 10 630
-381 -256 -373 -163 -363 -71 -340 12 -292 84 -228 145 -154 197 -74 238 -1 240 52 218 84 160 107 95 129 26 147 -37 157 -104 160 -168 154 -228 -260 -263 -212 -294 -153 -306 -93 -301 -38 -280 55 -276 87 -298 120 -312 153 -313 168 -292 14 -208 26 -151 40 -96 54 -39 -36 -10 0 0 36 10 62 -4 81 -22 -191 -215 -152 -226 -112 -227 -83 -204 -117 -195 -155 -197 51 -206 86 -229 118 -236 136 -223 120 -204 88 -203 -87 88 -38 71 8 56 32 60 51 51 76 55 94 65 80 105 59 130 35 139 8 140 -36 125 -66 90 7 88 31 86 51 80 83 70 55 86 35 93 10 94 10 640
-378 -273 -372 -181 -361 -90 -339 -6 -295 69 -232 133 -156 191 -79 236 -6 242 50 219 81 156 108 88 133 19 155 -47 164 -118 163 -183 153 -245 -253 -263 -205 -295 -146 -306 -86 -302 -30 -280 57 -278 86 -298 118 -311 150 -315 168 -298 18 -208 30 -151 43 -96 57 -39 -39 -11 0 0 41 11 70 -5 93 -26 -187 -217 -146 -228 -108 -229 -78 -207 -111 -200 -150 -202 57 -211 90 -232 122 -237 139 -226 122 -211 92 -209 -88 84 -39 71 9 55 36 61 58 49 86 54 106 56 89 96 64 126 38 136 8 137 -39 121 -68 87 9 87 35 86 59 79 95 63 61 81 36 90 10 91 10 660
-387 -270 -380 -178 -370 -86 -346 -4 -300 70 -238 135 -165 194 -84 241 -8 245 48 221 78 154 104 84 129 14 148 -52 159 -119 160 -182 152 -242 -259 -275 -207 -300 -147 -309 -87 -303 -34 -281 56 -276 90 -299 125 -311 156 -313 169 -292 17 -207 29 -149 43 -93 56 -35 -37 -10 0 0 37 11 64 -2 84 -23 -191 -221 -150 -226 -113 -226 -83 -206 -116 -200 -153 -202 54 -210 88 -228 119 -235 138 -228 121 -209 92 -206 -86 89 -40 71 7 54 30 60 52 49 72 56 83 67 74 103 57 130 32 139 6 141 -39 126 -66 90 7 89 30 87 52 81 71 73 54 84 31 92 7 93 10 670
-378 -261 -372 -173 -362 -84 -340 -2 -296 71 -233 136 -161 193 -80 238 -8 242 46 223 77 164 102 96 126 28 147 -36 162 -103 168 -170 162 -233 -251 -268 -204 -297 -145 -307 -86 -301 -31 -279 59 -278 91 -300 127 -313 160 -314 174 -290 20 -206 30 -150 41 -95 53 -38 -35 -9 0 0 36 10 61 -3 81 -21 -178 -213 -140 -218 -105 -219 -78 -203 -109 -195 -144 -196 56 -206 90 -226 119 -232 138 -224 121 -207 92 -203 -83 88 -37 72 8 55 32 60 53 50 75 55 87 65 77 105 58 130 33 138 6 140 -37 126 -62 90 7 88 31 87 52 82 74 71 55 85 33 92 8 93 10 690
-385 -286 -381 -195 -372 -103 -349 -21 -304 54 -243 120 -171 179 -92 227 -19 235 35 213 70 155 99 90 126 21 148 -46 163 -114 166 -180 158 -240 -248 -279 -196 -303 -137 -310 -79 -303 -26 -282 63 -281 96 -301 129 -311 158 -314 173 -297 24 -208 33 -149 44 -91 55 -32 -37 -12 0 0 37 11 64 -3 84 -23 -182 -221 -141 -227 -104 -227 -76 -208 -107 -200 -144 -202 62 -209 94 -228 124 -234 143 -228 126 -208 97 -206 -87 85 -38 69 7 54 31 58 53 49 73 54 86 61 75 99 58 126 32 136 4 137 -38 121 -67 87 5 85 30 83 52 78 74 68 55 83 32 91 7 92 10 730
-153 -46 -151 -10 -147 24 -136 58 -116 87 -88 110 -54 126 -19 135 12 137 40 132 61 119 77 98 86 73 91 44 94 18 95 -11 93 -38 -98 -90 -80 -106 -57 -114 -33 -115 -10 -106 30 -104 45 -114 64 -114 80 -107 90 -91 10 -76 11 -61 13 -46 14 -30 -13 0 0 0 12 2 21 1 30 -1 -75 -63 -61 -70 -47 -72 -32 -65 -46 -62 -60 -61 33 -63 48 -71 62 -70 74 -62 62 -60 48 -61 -45 54 -24 37 -2 29 10 31 21 29 38 37 50 53 41 76 25 83 12 84 -1 82 -24 72 -37 53 -1 41 11 41 22 41 44 52 24 66 12 67 -1 66 10 750
-374 -271 -368 -179 -357 -89 -334 -10 -288 62 -227 127 -156 184 -78 227 -7 231 45 209 78 150 103 87 127 18 148 -46 162 -113 167 -177 163 -239 -252 -272 -202 -301 -142 -310 -81 -304 -26 -281 58 -280 93 -299 130 -311 164 -314 181 -292 21 -211 32 -153 43 -95 56 -36 -37 -12 0 0 37 12 65 -3 85 -22 -183 -219 -143 -226 -106 -226 -77 -208 -109 -201 -145 -203 57 -211 94 -228 124 -233 144 -225 126 -209 95 -208 -89 82 -39 67 6 53 30 58 51 49 74 54 88 63 75 99 56 124 31 133 4 134 -40 121 -68 83 5 84 29 83 50 77 76 67 53 83 31 90 6 91 10 760
-378 -290 -371 -201 -357 -110 -333 -29 -287 47 -226 116 -157 176 -81 221 -9 223 48 198 81 132 105 62 127 -10 144 -80 157 -149 157 -214 147 -275 -252 -272 -199 -298 -140 -305 -79 -300 -23 -278 61 -276 92 -298 124 -312 153 -322 173 -310 19 -208 31 -150 43 -92 55 -31 -37 -10 0 0 38 11 66 -5 88 -26 -192 -211 -151 -208 -113 -211 -77 -203 -115 -190 -153 -189 59 -211 94 -224 126 -231 149 -234 130 -209 98 -205 -89 82 -42 69 5 54 30 57 50 47 72 49 85 52 75 95 56 126 32 136 3 138 -42 123 -67 84 4 84 30 81 50 75 71 62 53 79 32 89 5 91 10 770
-377 -282 -373 -191 -364 -100 -342 -17 -297 58 -234 124 -162 181 -84 229 -13 236 41 214 74 152 102 85 130 14 154 -53 168 -122 171 -188 161 -251 -247 -276 -196 -301 -137 -308 -78 -301 -24 -279 58 -275 90 -297 124 -310 155 -317 173 -301 22 -208 32 -152 43 -96 54 -39 -37 -10 0 0 37 11 64 -3 85 -23 -182 -217 -141 -220 -105 -221 -75 -206 -108 -198 -144 -200 58 -210 93 -225 122 -231 143 -229 124 -210 95 -207 -89 83 -40 68 6 52 30 58 50 47 71 53 83 62 72 101 54 130 30 139 3 139 -42 123 -68 85 6 85 30 84 50 78 70 68 52 82 30 90 6 91 10 780
-372 -293 -370 -203 -358 -114 -335 -33 -291 42 -231 111 -161 171 -84 219 -11 226 46 200 83 131 112 60 137 -14 154 -84 166 -151 169 -214 160 -273 -247 -273 -195 -299 -137 -307 -78 -301 -24 -280 63 -279 95 -299 129 -310 158 -315 175 -299 22 -206 32 -148 44 -91 55 -34 -37 -10 0 0 38 10 66 -5 86 -26 -180 -217 -139 -220 -102 -220 -74 -205 -105 -197 -142 -199 63 -209 96 -226 126 -232 147 -231 129 -211 99 -206 -85 80 -37 70 8 54 31 58 51 47 74 51 92 51 77 94 58 124 33 134 7 136 -37 120 -64 83 7 83 30 81 51 74 77 59 55 79 33 89 10 91 10 800
-370 -274 -364 -184 -352 -96 -332 -14 -289 59 -228 123 -157 181 -80 226 -8 231 47 211 83 154 108 89 130 20 151 -43 167 -108 170 -170 162 -229 -243 -275 -195 -302 -135 -309 -76 -302 -23 -279 57 -273 90 -295 126 -307 158 -311 176 -292 21 -210 31 -151 44 -93 56 -32 -37 -12 0 0 38 13 66 -2 87 -22 -181 -222 -141 -231 -102 -229 -72 -207 -107 -201 -145 -203 58 -208 94 -227 124 -231 144 -222 125 -207 95 -205 -84 82 -37 67 9 54 34 59 54 49 78 53 91 61 79 99 59 127 34 137 6 137 -37 122 -64 85 8 84 33 82 54 76 80 67 56 83 34 91 9 92 10 810
-370 -279 -364 -189 -353 -99 -331 -18 -287 56 -223 122 -154 179 -77 226 -6 231 48 206 81 144 107 77 133 10 153 -53 166 -116 171 -178 164 -237 -249 -276 -196 -301 -137 -308 -78 -301 -25 -278 60 -275 95 -296 132 -309 166 -314 182 -292 23 -206 33 -148 44 -91 56 -31 -37 -12 0 0 37 12 66 -2 86 -22 -179 -216 -140 -219 -104 -219 -74 -205 -107 -198 -143 -199 60 -208 92 -225 122 -229 143 -225 125 -208 96 -206 -81 83 -35 68 8 54 30 59 50 49 69 55 80 63 70 99 54 125 31 134 6 134 -35 119 -61 85 7 85 29 84 50 78 67 68 51 82 30 90 8 90 10 820
-375 -290 -370 -198 -361 -106 -340 -23 -296 52 -234 118 -161 175 -81 224 -8 230 47 207 78 144 103 80 130 14 151 -49 166 -114 171 -179 167 -239 -250 -281 -198 -307 -138 -312 -77 -305 -23 -281 64 -276 97 -298 133 -309 166 -316 182 -295 26 -207 35 -150 45 -93 56 -34 -36 -12 0 0 39 13 67 -2 87 -22 -184 -225 -142 -230 -103 -228 -73 -206 -109 -199 -148 -203 61 -207 97 -227 128 -233 149 -227 130 -207 100 -204 -85 82 -38 67 9 52 33 58 53 48 75 53 92 61 78 99 59 124 35 133 8 133 -36 118 -63 83 8 85 33 84 53 78 78 67 56 81 35 88 10 89 10 830
-371 -287 -370 -199 -359 -111 -338 -29 -294 46 -234 113 -167 174 -89 224 -16 228 37 204 70 141 96 76 125 8 149 -57 165 -124 168 -185 160 -245 -248 -279 -195 -301 -136 -307 -77 -299 -23 -277 66 -275 96 -295 126 -307 154 -316 174 -308 25 -207 33 -148 44 -90 55 -31 -36 -11 0 0 38 11 65 -3 84 -23 -186 -222 -142 -226 -104 -226 -75 -207 -109 -200 -147 -203 65 -207 98 -226 127 -232 147 -230 131 -208 102 -205 -89 83 -42 68 3 53 28 58 50 48 72 52 87 58 74 97 56 126 31 136 2 138 -42 122 -67 85 2 85 27 83 50 76 74 66 54 81 30 90 5 91 10 840
-377 -292 -372 -201 -362 -111 -340 -28 -297 46 -235 114 -165 174 -87 222 -13 227 43 201 77 135 103 67 130 0 152 -65 166 -129 168 -190 162 -247 -247 -273 -196 -301 -137 -308 -77 -302 -21 -280 65 -277 99 -297 135 -309 167 -316 186 -299 26 -204 34 -147 45 -90 55 -31 -37 -11 0 0 38 12 67 -3 88 -24 -180 -217 -139 -223 -101 -223 -73 -204 -105 -196 -142 -198 67 -207 100 -226 130 -232 150 -227 133 -208 103 -204 -88 80 -39 68 7 53 31 59 52 48 73 52 88 57 75 99 57 129 31 139 3 139 -40 122 -67 84 6 83 30 81 51 74 75 65 54 84 31 92 6 93 10 850
-367 -281 -365 -193 -356 -106 -337 -26 -295 47 -234 114 -164 174 -85 223 -10 228 45 206 77 145 103 76 126 8 147 -54 162 -118 166 -180 162 -239 -243 -275 -193 -301 -134 -308 -74 -301 -20 -277 59 -272 93 -295 129 -309 163 -314 179 -294 24 -208 34 -150 45 -93 57 -34 -37 -13 0 0 37 12 67 -2 88 -23 -177 -219 -138 -225 -102 -225 -73 -208 -105 -201 -141 -203 61 -209 97 -226 127 -230 147 -225 128 -208 99 -207 -86 81 -36 68 9 53 32 58 52 48 73 53 86 60 74 98 55 124 31 132 6 133 -38 120 -66 83 8 85 31 83 51 77 73 67 52 82 31 89 8 90 10 860
-372 -282 -369 -194 -360 -106 -339 -26 -298 49 -238 116 -169 175 -92 223 -17 230 39 209 77 149 106 86 131 17 151 -50 166 -118 168 -182 162 -244 -247 -274 -199 -302 -139 -309 -80 -301 -25 -281 60 -278 94 -298 128 -311 160 -317 177 -301 22 -210 31 -151 41 -92 52 -32 -37 -11 0 0 36 12 63 -3 83 -22 -182 -221 -140 -227 -102 -226 -74 -207 -107 -200 -144 -203 63 -209 97 -228 126 -234 148 -231 130 -211 100 -207 -87 83 -39 68 6 52 29 59 51 47 71 53 84 60 73 98 55 125 29 134 3 136 -41 122 -67 85 5 85 28 83 50 76 72 66 52 80 29 89 6 90 10 870
-376 -291 -371 -201 -362 -113 -341 -29 -298 46 -238 112 -169 172 -90 223 -16 228 39 204 77 142 107 75 133 5 153 -61 168 -127 168 -187 161 -247 -250 -282 -195 -301 -137 -308 -78 -300 -24 -282 68 -279 100 -298 132 -310 162 -322 184 -312 24 -208 33 -149 42 -89 53 -30 -36 -11 0 0 37 11 63 -4 83 -24 -184 -220 -141 -226 -103 -225 -75 -208 -108 -200 -146 -202 68 -209 101 -227 129 -235 149 -233 133 -211 104 -207 -88 85 -42 68 5 54 29 60 50 47 69 52 81 62 73 98 55 127 30 137 3 138 -41 121 -67 85 4 86 28 85 50 77 67 67 52 82 30 91 6 92 10 880
-378 -300 -374 -207 -364 -114 -339 -29 -293 47 -231 114 -161 173 -84 222 -13 225 42 201 78 135 107 67 139 -1 160 -69 173 -138 170 -200 161 -261 -249 -279 -196 -303 -139 -309 -79 -301 -23 -281 63 -277 94 -297 125 -311 154 -322 174 -313 23 -207 32 -149 43 -91 53 -32 -38 -11 0 0 38 10 65 -4 86 -23 -184 -223 -142 -225 -104 -224 -75 -207 -110 -199 -146 -202 63 -209 95 -226 126 -232 148 -230 129 -210 99 -207 -91 80 -42 67 4 52 29 58 50 47 73 52 87 57 74 96 55 125 29 135 1 136 -43 120 -73 83 3 84 27 83 50 76 74 65 52 80 29 89 5 90 10 900
-375 -295 -370 -204 -360 -115 -339 -31 -295 45 -235 113 -166 174 -86 223 -12 227 44 203 80 140 106 73 132 3 154 -64 168 -131 171 -195 166 -256 -244 -279 -193 -302 -134 -309 -76 -300 -23 -279 67 -278 99 -298 132 -310 163 -317 180 -302 25 -209 34 -149 44 -90 54 -30 -36 -12 0 0 38 12 65 -4 86 -24 -181 -221 -139 -226 -101 -225 -74 -207 -107 -200 -144 -203 69 -210 101 -226 129 -233 149 -230 133 -212 104 -208 -88 82 -41 68 6 53 30 59 51 48 72 53 87 58 74 97 56 126 31 135 4 137 -41 122 -69 84 5 84 28 84 51 76 74 65 54 80 31 89 7 91 10 910
-377 -297 -374 -206 -367 -115 -346 -31 -301 42 -237 109 -167 169 -85 218 -11 223 43 199 78 134 105 66 132 -4 153 -70 167 -138 165 -198 157 -257 -252 -275 -200 -302 -139 -308 -78 -301 -21 -279 61 -278 95 -299 131 -312 163 -320 183 -306 24 -208 33 -149 43 -91 54 -31 -38 -11 0 0 38 11 66 -5 86 -25 -184 -221 -142 -225 -104 -223 -74 -206 -108 -199 -147 -201 64 -208 96 -227 128 -235 151 -234 132 -213 101 -207 -94 76 -41 68 7 55 31 58 52 47 77 50 98 45 81 90 58 121 33 132 6 135 -41 119 -74 81 7 83 30 80 53 73 83 56 54 78 32 88 8 91 10 920
-371 -283 -366 -193 -355 -104 -330 -20 -285 56 -224 122 -155 178 -78 218 -5 219 49 196 84 137 111 74 135 7 154 -59 166 -123 172 -186 165 -246 -247 -275 -196 -301 -135 -310 -73 -302 -16 -278 61 -273 97 -294 135 -308 170 -311 187 -288 22 -209 31 -150 41 -91 51 -31 -34 -10 0 0 36 11 62 -3 82 -22 -178 -221 -138 -226 -102 -227 -71 -208 -105 -200 -142 -203 64 -209 98 -226 126 -231 148 -228 129 -209 99 -206 -85 84 -38 69 6 55 30 61 48 50 68 56 80 64 68 95 51 116 30 124 3 125 -39 113 -64 85 5 84 30 83 48 78 66 69 49 77 30 83 5 84 10 940
-164 -33 -160 1 -156 37 -147 70 -129 101 -103 124 -69 141 -30 150 5 150 36 145 59 132 74 109 83 82 88 54 90 27 90 -1 87 -27 -102 -83 -84 -101 -59 -113 -33 -115 -8 -107 29 -103 44 -113 63 -112 79 -101 85 -82 10 -75 12 -61 15 -48 17 -33 -12 1 0 0 12 1 21 1 30 0 -76 -60 -62 -68 -48 -71 -34 -63 -47 -60 -61 -59 32 -61 46 -69 60 -68 69 -58 58 -56 45 -58 -47 64 -26 42 -3 31 10 34 21 32 37 44 46 70 38 86 22 90 10 91 -4 89 -28 81 -39 62 -3 44 10 44 20 45 39 67 22 74 10 75 -4 73 10 950
-374 -291 -369 -200 -358 -111 -339 -28 -296 47 -234 113 -165 172 -87 219 -13 224 42 203 78 143 106 76 133 6 156 -60 173 -125 179 -188 173 -247 -253 -281 -200 -305 -140 -310 -80 -303 -26 -282 63 -277 97 -297 132 -310 165 -317 182 -300 23 -209 32 -151 43 -92 54 -33 -38 -11 0 0 38 12 66 -3 85 -24 -189 -225 -145 -228 -106 -227 -77 -209 -112 -202 -150 -206 62 -209 98 -225 128 -232 149 -228 131 -210 101 -207 -89 80 -39 67 6 52 30 57 52 47 71 51 86 59 73 94 55 122 30 132 3 133 -41 119 -69 82 6 82 29 80 51 73 72 65 53 80 30 89 6 91 10 960
-373 -309 -374 -215 -364 -123 -339 -38 -293 37 -226 104 -156 164 -77 213 -2 217 56 189 92 125 126 56 159 -11 184 -77 198 -147 196 -211 188 -274 -252 -290 -197 -308 -140 -311 -80 -303 -25 -284 66 -284 102 -303 138 -320 174 -337 207 -335 24 -211 31 -150 40 -92 51 -33 -39 -12 0 0 38 10 68 -5 91 -25 -186 -227 -143 -228 -104 -227 -75 -211 -109 -204 -148 -206 71 -216 103 -234 136 -242 161 -245 143 -222 110 -215 -99 64 -42 60 9 49 36 55 62 42 93 42 122 27 96 78 67 112 37 123 6 124 -43 109 -78 72 8 80 35 78 62 70 106 41 63 67 36 78 8 80 10 1020
-374 -299 -369 -208 -359 -119 -340 -36 -297 41 -235 108 -164 167 -85 218 -12 223 42 200 78 136 106 70 135 1 157 -64 172 -131 175 -192 169 -254 -252 -282 -199 -305 -139 -310 -78 -303 -23 -281 67 -276 99 -298 134 -312 167 -320 184 -301 26 -206 34 -147 44 -89 54 -29 -36 -11 0 0 37 13 65 -1 85 -22 -186 -223 -142 -224 -104 -224 -75 -207 -110 -199 -148 -203 66 -207 100 -224 130 -231 154 -230 134 -210 104 -206 -88 81 -41 67 5 53 29 59 50 48 71 53 87 60 74 97 56 125 31 134 4 135 -40 119 -68 83 5 85 29 84 51 77 73 67 53 82 30 90 6 91 10 1040
-379 -306 -375 -213 -366 -121 -345 -37 -301 39 -237 106 -164 164 -83 210 -11 213 44 186 80 123 110 58 137 -8 156 -75 168 -142 168 -199 158 -258 -250 -280 -198 -305 -138 -311 -77 -303 -21 -282 62 -281 95 -300 129 -313 160 -326 184 -318 24 -213 32 -152 42 -92 53 -31 -38 -12 0 0 37 10 66 -5 88 -26 -190 -225 -145 -229 -104 -228 -74 -210 -109 -200 -150 -203 70 -213 103 -233 134 -240 157 -240 139 -216 107 -211 -95 76 -43 65 6 51 30 55 51 43 74 47 88 48 75 85 54 115 30 125 3 127 -43 114 -75 79 5 81 29 79 50 71 74 56 53 72 31 82 7 85 10 1070
-374 -302 -371 -212 -360 -122 -337 -38 -292 37 -228 103 -159 163 -85 210 -13 216 45 191 83 129 117 63 149 -2 176 -67 194 -135 195 -196 188 -257 -245 -281 -193 -303 -135 -307 -74 -300 -17 -280 69 -277 104 -296 139 -309 171 -324 202 -319 28 -209 35 -148 43 -89 52 -29 -40 -11 0 0 38 11 69 -5 92 -25 -177 -225 -135 -227 -97 -226 -67 -213 -101 -206 -138 -208 74 -215 106 -229 136 -235 161 -238 140 -219 110 -213 -95 74 -45 64 4 50 28 54 51 43 74 45 90 46 76 86 55 117 30 127 2 129 -45 115 -75 78 4 79 27 76 50 69 75 56 53 74 30 84 5 87 10 1080
-378 -299 -372 -210 -358 -119 -334 -39 -288 35 -225 100 -153 159 -74 206 -1 210 56 185 91 122 124 56 155 -11 173 -80 183 -150 183 -214 173 -275 -251 -281 -196 -303 -137 -308 -74 -299 -16 -278 61 -277 97 -298 133 -314 169 -326 197 -316 23 -211 32 -150 41 -91 52 -31 -41 -10 0 0 41 11 73 -6 97 -27 -182 -221 -139 -224 -101 -224 -70 -207 -104 -200 -143 -202 69 -213 103 -229 134 -237 160 -240 140 -218 108 -212 -100 63 -40 62 9 51 38 55 67 43 98 39 132 21 104 69 75 101 44 113 9 115 -40 104 -78 68 9 75 39 73 68 63 116 35 69 63 40 74 9 78 10 1090
-373 -311 -371 -217 -360 -124 -338 -42 -293 35 -231 106 -161 167 -84 213 -13 215 41 190 76 128 104 62 132 -3 156 -67 175 -132 178 -193 170 -254 -251 -278 -196 -303 -134 -308 -71 -299 -14 -278 65 -275 100 -297 137 -311 170 -324 195 -314 26 -205 35 -147 45 -91 56 -33 -40 -12 0 0 40 11 70 -6 92 -27 -182 -214 -140 -212 -103 -213 -70 -204 -106 -194 -143 -195 68 -210 105 -222 136 -228 160 -231 139 -211 107 -207 -97 72 -44 63 4 50 30 56 53 44 78 47 94 44 80 86 56 118 30 128 0 130 -45 115 -78 76 4 80 29 77 52 70 80 54 53 72 29 82 4 84 10 1100
-367 -295 -364 -206 -355 -114 -337 -33 -296 42 -237 109 -165 166 -85 210 -12 212 44 189 81 128 108 61 133 -7 150 -72 166 -137 171 -196 167 -255 -246 -274 -196 -302 -135 -309 -73 -303 -17 -280 65 -281 101 -302 137 -315 170 -320 186 -302 27 -210 36 -151 46 -93 57 -33 -39 -14 0 0 38 13 70 -3 92 -28 -184 -214 -142 -212 -106 -213 -71 -207 -108 -197 -144 -197 65 -212 104 -222 133 -227 154 -225 133 -209 103 -208 -94 75 -41 64 6 51 29 56 52 45 71 47 86 52 72 88 54 117 28 126 -1 128 -45 113 -73 78 4 79 28 77 51 71 72 60 52 74 29 83 3 84 10 1110
-373 -310 -367 -219 -357 -128 -341 -46 -302 32 -243 103 -171 163 -90 212 -15 216 43 192 82 130 109 61 134 -11 151 -78 165 -143 170 -207 163 -268 -243 -271 -193 -303 -132 -311 -70 -302 -14 -278 62 -277 97 -298 134 -312 170 -320 186 -299 28 -209 37 -150 46 -92 57 -32 -37 -13 0 0 39 13 70 -3 91 -27 -171 -213 -133 -213 -97 -215 -68 -205 -100 -196 -135 -197 67 -211 103 -224 132 -230 152 -228 134 -211 104 -208 -92 76 -42 64 6 50 29 56 50 45 68 48 79 56 69 91 52 118 28 127 0 128 -45 114 -72 79 5 80 28 78 50 71 64 63 51 77 28 85 3 85 10 1120
-161 -24 -157 11 -153 47 -142 82 -123 113 -96 135 -61 151 -22 159 14 160 46 153 69 138 83 113 91 84 93 54 92 24 90 -4 85 -30 -100 -75 -85 -94 -62 -106 -37 -110 -13 -102 26 -99 39 -110 57 -109 73 -98 79 -79 7 -75 9 -62 11 -50 14 -35 -13 0 0 0 12 1 21 -1 29 -2 -72 -56 -60 -64 -47 -67 -34 -62 -46 -59 -58 -57 29 -60 42 -67 54 -65 64 -57 53 -57 41 -59 -44 59 -24 42 -2 34 12 35 24 33 42 41 54 57 45 78 28 85 15 86 0 85 -24 76 -37 58 -1 46 13 46 25 45 47 57 26 70 14 72 -1 71 10 1130
-143 -39 -142 -5 -139 30 -129 65 -112 96 -89 122 -59 141 -26 154 8 156 38 152 63 137 83 115 95 87 100 57 102 28 101 -1 98 -28 -89 -81 -75 -101 -53 -113 -27 -116 -3 -107 31 -101 47 -112 67 -111 83 -99 90 -79 13 -76 13 -62 13 -48 14 -33 -12 -1 0 0 12 2 23 1 33 -1 -64 -63 -52 -73 -39 -74 -26 -67 -39 -63 -51 -63 37 -64 50 -72 63 -70 73 -60 62 -59 49 -61 -40 58 -21 38 -1 30 13 32 24 30 41 40 54 62 41 75 24 78 12 78 -2 77 -23 70 -32 55 -1 40 12 41 24 41 47 59 24 65 12 65 -2 64 10 1200
-379 -307 -375 -213 -365 -121 -342 -36 -291 39 -226 103 -156 157 -78 198 -7 199 49 176 82 117 113 55 148 -11 176 -77 192 -143 189 -202 177 -261 -246 -282 -195 -304 -136 -308 -77 -300 -20 -282 68 -280 99 -299 131 -314 160 -328 185 -326 28 -205 37 -145 47 -87 58 -29 -43 -13 0 0 44 11 78 -5 104 -27 -182 -222 -138 -220 -100 -220 -68 -208 -105 -198 -142 -201 72 -212 103 -226 133 -233 158 -238 138 -216 108 -210 -99 70 -46 58 1 45 32 48 58 38 80 37 97 37 83 71 63 100 35 112 2 114 -47 102 -80 71 2 73 33 70 59 62 83 46 61 59 34 71 3 75 10 1290
-367 -316 -366 -225 -356 -133 -334 -52 -290 25 -231 91 -164 151 -90 200 -23 205 29 184 63 126 91 64 125 1 151 -64 172 -131 181 -196 176 -261 -240 -283 -188 -306 -130 -309 -72 -299 -17 -278 69 -278 102 -298 136 -314 169 -325 189 -314 28 -209 36 -148 45 -88 54 -27 -36 -12 0 0 37 12 64 -2 85 -24 -177 -223 -135 -224 -97 -223 -67 -208 -102 -199 -140 -201 70 -209 103 -227 132 -234 155 -235 137 -213 107 -208 -90 70 -42 59 3 47 26 53 47 42 65 45 82 49 67 88 49 116 26 126 -1 127 -44 112 -72 72 2 75 25 75 46 68 68 57 48 72 26 82 3 83 10 1300
-370 -318 -367 -224 -358 -133 -336 -51 -291 24 -232 90 -165 150 -90 197 -22 202 29 181 64 121 92 57 124 -12 147 -80 166 -147 173 -212 164 -273 -240 -275 -192 -301 -132 -306 -72 -297 -16 -274 64 -272 97 -294 133 -309 167 -318 183 -302 28 -203 36 -145 45 -88 55 -29 -37 -11 0 0 38 12 66 -2 87 -23 -175 -218 -134 -221 -97 -220 -68 -205 -102 -197 -139 -199 65 -207 97 -225 127 -233 150 -233 130 -213 101 -208 -94 72 -46 62 -1 48 24 54 45 43 61 46 74 52 63 88 47 116 23 125 -6 125 -48 111 -75 73 -2 77 23 76 44 70 59 58 46 72 24 81 -2 82 10 1310
-382 -319 -376 -224 -366 -129 -344 -45 -296 29 -230 94 -159 150 -84 194 -13 196 42 174 78 115 107 49 138 -14 162 -83 181 -154 185 -220 179 -284 -249 -283 -195 -304 -135 -306 -74 -297 -19 -277 67 -278 101 -300 137 -317 174 -334 205 -332 27 -207 35 -147 45 -89 55 -29 -40 -11 0 0 40 11 71 -3 94 -25 -186 -222 -142 -221 -103 -222 -69 -209 -107 -201 -146 -203 73 -216 107 -232 141 -241 172 -248 147 -225 113 -218 -102 69 -49 57 -1 43 25 48 48 37 73 39 91 44 75 83 51 112 25 122 -5 124 -52 111 -82 71 -1 75 25 72 49 66 75 50 49 66 25 76 -2 80 10 1320
