-213 -190 -204 -121 -186 -51 -166 17 -139 82 -103 148 -61 204 -10 250 55 261 121 246 174 199 219 143 256 79 278 10 293 -63 300 -138 300 -211 -190 -225 -164 -263 -118 -278 -68 -273 -22 -253 59 -256 108 -280 162 -289 215 -277 250 -239 19 -196 20 -148 21 -101 22 -52 -25 -9 0 0 27 7 57 -4 85 -15 -137 -171 -109 -170 -79 -173 -47 -172 -78 -161 -109 -158 100 -178 129 -183 161 -182 193 -184 164 -170 131 -169 -49 89 -23 65 8 51 33 57 58 48 93 59 130 77 99 113 66 132 39 136 11 135 -19 121 -31 90 8 83 34 84 59 79 112 80 63 90 37 96 11 93 1280 10
-203 -192 -197 -124 -181 -56 -162 13 -140 81 -105 148 -64 203 -12 249 54 262 121 246 175 200 221 146 257 82 278 14 291 -58 298 -131 298 -203 -190 -223 -165 -263 -120 -279 -70 -275 -24 -255 59 -258 108 -282 163 -290 214 -276 248 -238 21 -197 22 -148 23 -100 24 -49 -25 -10 0 0 28 8 58 -3 86 -15 -137 -174 -109 -177 -77 -179 -43 -173 -77 -163 -109 -161 99 -179 130 -185 161 -184 193 -183 163 -169 131 -169 -51 89 -23 65 8 49 34 56 59 47 94 59 130 77 100 114 68 131 39 136 11 134 -20 121 -33 90 8 85 34 86 60 81 111 80 64 88 38 94 12 91 1280 20
-205 -185 -200 -117 -183 -49 -164 20 -140 86 -105 150 -63 205 -12 250 55 263 122 248 177 201 223 145 259 79 279 10 293 -60 303 -133 303 -205 -190 -223 -164 -263 -119 -278 -69 -274 -25 -254 58 -258 107 -282 162 -289 215 -277 251 -238 20 -196 21 -147 22 -100 23 -49 -26 -9 0 0 29 7 59 -2 87 -13 -136 -177 -109 -184 -78 -187 -46 -178 -77 -170 -109 -167 102 -183 133 -194 164 -194 193 -188 165 -177 134 -176 -48 93 -24 68 7 51 33 58 58 49 93 61 128 79 99 115 67 134 39 139 11 137 -20 124 -32 92 8 84 34 85 60 80 110 82 63 90 37 96 11 93 1280 30
-206 -189 -200 -120 -182 -52 -162 17 -140 85 -106 150 -63 205 -12 251 56 260 124 245 180 196 226 140 262 76 283 7 296 -64 305 -137 306 -211 -189 -224 -165 -263 -120 -279 -71 -275 -25 -256 54 -258 104 -282 159 -290 214 -277 250 -238 18 -196 19 -147 20 -98 22 -47 -26 -9 0 0 27 7 57 -3 85 -14 -137 -179 -112 -191 -80 -193 -49 -178 -80 -172 -112 -169 101 -184 128 -201 160 -201 190 -192 163 -181 131 -180 -47 93 -22 67 7 51 31 58 56 49 91 61 126 79 96 114 64 133 37 138 9 136 -20 122 -30 93 8 88 33 88 58 85 107 82 60 87 35 92 10 90 1280 40
-215 -185 -210 -118 -192 -52 -171 16 -149 83 -115 148 -74 204 -21 250 48 263 115 249 171 204 217 148 253 85 275 15 290 -57 299 -130 299 -203 -192 -230 -164 -267 -118 -281 -69 -277 -24 -256 60 -261 107 -283 159 -290 210 -280 245 -244 22 -198 23 -150 24 -102 25 -53 -26 -10 0 0 29 6 58 -3 86 -14 -142 -187 -115 -203 -81 -204 -50 -182 -82 -177 -116 -174 101 -187 130 -210 162 -211 192 -197 166 -184 133 -183 -52 91 -26 67 6 49 32 57 57 47 91 61 126 79 96 112 65 131 38 136 10 134 -22 120 -37 91 7 85 33 86 59 82 109 81 61 87 36 93 9 90 1280 50
-216 -196 -209 -126 -191 -58 -171 12 -147 81 -112 146 -69 202 -16 249 52 261 119 247 173 202 217 149 255 88 277 20 289 -51 298 -124 297 -198 -192 -232 -163 -267 -117 -282 -68 -277 -21 -256 57 -258 104 -281 157 -290 209 -280 244 -243 22 -196 23 -148 24 -102 24 -52 -26 -10 0 0 29 8 58 -3 86 -14 -139 -189 -113 -209 -78 -209 -47 -184 -79 -177 -114 -176 104 -188 130 -214 164 -216 194 -199 168 -185 134 -183 -48 94 -25 69 7 51 32 59 55 49 91 63 128 81 97 114 66 133 39 138 11 136 -21 122 -34 94 7 88 33 88 57 84 112 83 61 90 37 96 11 93 1280 60
-218 -186 -210 -117 -193 -49 -173 19 -147 85 -110 148 -68 203 -16 251 52 262 118 248 173 198 219 141 257 76 279 7 292 -65 299 -138 298 -211 -191 -227 -164 -263 -118 -278 -69 -274 -23 -255 59 -257 106 -280 159 -288 212 -276 246 -241 20 -195 22 -147 23 -100 25 -51 -26 -10 0 0 29 8 59 -3 87 -15 -141 -187 -113 -203 -78 -204 -48 -182 -79 -176 -114 -175 101 -186 128 -210 162 -212 192 -197 166 -183 132 -182 -49 93 -24 69 6 52 32 60 58 49 94 63 128 82 99 115 67 133 38 138 10 137 -21 123 -34 93 7 86 33 87 59 82 112 83 63 92 37 98 10 95 1280 70
-220 -185 -213 -116 -194 -47 -174 21 -149 86 -114 150 -71 205 -18 251 51 262 117 247 168 201 211 147 246 85 269 19 284 -50 293 -122 293 -195 -193 -232 -164 -267 -119 -280 -69 -276 -24 -255 61 -258 108 -280 160 -289 210 -278 246 -240 20 -201 21 -152 23 -105 25 -56 -26 -9 0 0 27 7 57 -3 85 -16 -145 -188 -118 -210 -80 -210 -47 -184 -80 -177 -118 -174 98 -188 127 -216 163 -217 193 -197 167 -184 131 -183 -51 92 -26 66 7 49 32 56 57 47 92 61 126 80 96 114 66 131 38 135 9 134 -23 120 -34 92 8 89 33 89 59 85 108 82 62 88 36 93 10 90 1280 80
-222 -193 -217 -125 -199 -57 -178 11 -155 80 -120 146 -76 202 -21 249 49 261 116 247 170 200 215 144 251 80 275 13 290 -58 298 -132 296 -205 -193 -232 -164 -267 -119 -280 -71 -276 -27 -256 60 -260 107 -281 158 -289 207 -279 241 -244 20 -199 21 -151 22 -104 24 -54 -27 -10 0 0 28 8 57 -2 85 -14 -143 -188 -114 -205 -80 -206 -49 -183 -81 -176 -116 -174 99 -187 127 -211 160 -212 190 -196 164 -183 130 -182 -52 92 -27 68 5 50 31 58 57 48 93 63 126 82 97 116 63 134 35 139 7 137 -25 123 -37 93 5 87 32 88 58 83 111 84 61 90 34 95 8 93 1280 90
-216 -192 -209 -123 -191 -55 -170 13 -143 78 -107 141 -67 198 -17 246 50 259 118 245 172 195 216 138 255 75 278 7 291 -64 298 -137 297 -210 -193 -230 -166 -267 -120 -281 -70 -277 -25 -257 59 -260 106 -281 158 -289 209 -280 245 -245 18 -198 21 -148 23 -99 26 -48 -28 -10 0 0 29 8 59 -4 88 -16 -141 -189 -114 -204 -80 -206 -49 -185 -81 -177 -116 -175 101 -189 128 -211 162 -212 193 -198 166 -184 132 -183 -50 92 -26 68 6 51 32 58 57 49 93 63 127 81 98 116 66 134 39 139 11 137 -22 122 -34 93 7 86 34 87 59 83 110 84 62 92 37 97 10 93 1280 100
-224 -188 -214 -116 -193 -47 -170 23 -142 87 -106 149 -64 203 -14 248 53 258 120 246 174 197 219 141 257 77 280 10 295 -62 306 -136 307 -210 -192 -239 -162 -272 -117 -283 -69 -277 -25 -257 61 -259 107 -282 159 -291 211 -281 248 -247 20 -201 22 -150 24 -99 26 -46 -26 -10 0 0 29 8 59 -2 87 -14 -142 -192 -114 -209 -79 -209 -47 -185 -81 -180 -116 -179 101 -189 130 -213 164 -215 195 -199 168 -186 134 -184 -48 92 -24 68 7 51 34 59 61 49 97 63 130 82 101 117 69 135 40 140 10 137 -21 122 -33 93 8 86 35 87 63 83 114 84 66 93 38 98 10 95 1280 110
-223 -199 -215 -128 -195 -57 -172 15 -145 81 -108 146 -64 201 -13 247 54 259 121 244 174 194 218 137 253 72 275 4 289 -67 297 -141 296 -214 -192 -236 -162 -271 -115 -283 -66 -275 -22 -255 61 -258 107 -280 158 -289 208 -279 242 -245 24 -198 24 -148 25 -99 26 -47 -27 -10 0 0 29 9 59 -1 87 -13 -141 -192 -114 -209 -79 -208 -48 -184 -80 -178 -116 -177 102 -187 129 -212 163 -213 193 -198 167 -183 133 -182 -49 93 -22 69 9 52 34 61 61 51 96 65 130 82 102 118 70 136 42 141 13 139 -19 124 -34 94 10 89 35 90 62 85 115 85 66 93 40 98 13 95 1280 120
-221 -201 -213 -130 -195 -60 -173 11 -146 77 -110 141 -68 197 -19 245 48 259 116 246 169 199 214 142 252 77 275 8 290 -65 299 -141 298 -218 -193 -232 -166 -270 -120 -284 -70 -279 -25 -260 63 -261 109 -282 160 -291 210 -280 244 -245 20 -200 22 -149 24 -99 26 -47 -27 -11 0 0 30 8 60 -3 89 -16 -140 -193 -113 -209 -78 -209 -47 -186 -79 -179 -115 -178 102 -190 130 -214 164 -215 194 -200 167 -185 133 -185 -49 91 -25 68 8 51 33 59 58 50 94 63 128 82 99 119 66 138 39 142 11 140 -21 125 -34 92 9 86 34 87 59 83 111 84 62 94 37 99 11 96 1280 130
-217 -204 -209 -134 -192 -65 -171 5 -146 72 -109 137 -67 194 -16 242 51 256 119 242 174 190 220 132 256 66 278 -3 291 -73 299 -146 298 -219 -193 -237 -164 -273 -118 -285 -69 -280 -24 -260 66 -259 110 -281 160 -289 211 -280 246 -247 22 -201 24 -148 26 -97 28 -44 -27 -11 0 0 30 10 61 -1 91 -14 -141 -194 -112 -210 -77 -210 -47 -186 -79 -181 -114 -180 104 -188 132 -212 166 -214 197 -198 170 -185 136 -184 -47 90 -22 68 9 52 35 61 62 50 98 64 130 81 101 119 69 137 40 142 11 139 -19 123 -32 91 10 87 36 89 64 84 115 84 66 92 38 98 12 93 1280 140
-212 -183 -206 -115 -190 -49 -171 18 -147 82 -114 145 -73 199 -20 244 48 258 115 245 171 198 215 143 250 79 272 11 286 -61 294 -133 295 -206 -193 -239 -163 -272 -119 -283 -70 -279 -27 -259 63 -262 108 -284 159 -291 210 -282 246 -248 20 -201 22 -149 24 -99 25 -47 -26 -11 0 0 29 8 59 -2 87 -14 -144 -194 -116 -212 -81 -211 -50 -187 -83 -181 -117 -180 102 -190 131 -215 165 -216 195 -200 169 -185 134 -185 -51 90 -27 65 6 49 31 57 57 48 95 62 130 81 98 117 64 135 37 139 9 137 -25 121 -36 90 6 86 33 88 59 84 113 83 61 92 35 97 9 93 1280 150
-218 -190 -209 -120 -190 -51 -170 17 -146 82 -110 144 -68 197 -17 242 50 253 116 241 169 193 215 137 252 73 273 4 285 -65 294 -137 295 -208 -193 -235 -164 -271 -117 -284 -68 -279 -23 -259 62 -261 110 -284 163 -291 214 -281 248 -245 21 -202 23 -150 25 -100 26 -47 -27 -12 0 0 29 8 59 -2 86 -14 -142 -196 -115 -212 -80 -212 -48 -188 -81 -182 -116 -180 101 -191 130 -215 165 -216 194 -199 168 -186 133 -184 -50 89 -24 65 7 51 33 59 59 49 95 63 128 80 99 117 66 133 38 138 10 135 -22 120 -35 90 8 83 34 85 61 81 112 82 63 92 37 98 10 94 1280 160
-217 -192 -209 -121 -191 -51 -170 18 -145 83 -109 147 -66 202 -13 245 52 255 117 241 170 192 216 135 251 71 274 2 288 -70 298 -143 299 -218 -190 -246 -160 -277 -114 -287 -67 -278 -24 -258 64 -261 108 -282 157 -291 206 -283 242 -251 23 -203 23 -151 24 -100 25 -47 -26 -11 0 0 28 8 58 -2 85 -14 -142 -196 -115 -212 -80 -212 -48 -189 -81 -182 -116 -181 101 -192 130 -216 164 -216 193 -201 167 -187 133 -186 -53 90 -27 65 6 50 31 58 57 49 94 62 127 79 97 115 64 133 36 138 8 136 -24 120 -38 91 6 87 32 89 59 84 111 82 61 89 34 95 8 92 1280 170
-226 -205 -216 -133 -195 -63 -173 6 -148 74 -111 138 -66 195 -15 242 51 253 116 238 170 186 216 128 253 63 277 -6 291 -79 299 -152 300 -227 -199 -236 -171 -274 -124 -288 -74 -281 -27 -262 63 -263 110 -284 161 -292 212 -282 248 -248 19 -204 22 -150 24 -97 26 -42 -27 -11 0 0 30 9 59 -2 87 -14 -144 -196 -117 -212 -82 -212 -49 -191 -83 -184 -118 -182 100 -193 130 -214 164 -214 194 -200 167 -187 133 -186 -52 89 -25 67 7 52 33 59 58 50 93 63 125 80 96 115 65 133 37 138 9 136 -22 121 -37 90 8 86 34 87 60 83 109 82 61 92 35 98 9 94 1280 180
-225 -206 -215 -134 -194 -64 -172 5 -146 72 -109 135 -69 193 -19 240 47 253 112 240 167 190 213 132 251 67 275 -1 290 -73 300 -147 300 -221 -194 -238 -165 -274 -120 -288 -71 -282 -27 -262 66 -262 110 -284 160 -292 210 -282 245 -249 22 -202 23 -149 25 -96 26 -42 -26 -11 0 0 29 8 59 -2 87 -14 -143 -198 -116 -214 -81 -214 -49 -190 -82 -185 -117 -184 102 -192 130 -217 164 -218 195 -202 168 -189 134 -188 -52 86 -24 65 8 51 34 58 60 49 96 62 127 78 99 115 66 133 38 138 10 135 -22 120 -37 88 9 84 35 85 61 81 111 81 63 91 37 96 10 92 1280 190
-227 -197 -217 -126 -195 -56 -170 12 -145 78 -108 141 -67 198 -16 243 49 256 113 242 166 192 211 135 248 70 273 2 288 -69 297 -142 297 -216 -194 -242 -164 -275 -118 -287 -68 -280 -23 -259 70 -261 115 -283 165 -290 214 -280 247 -247 24 -204 25 -149 27 -95 29 -40 -27 -12 0 0 30 9 60 -1 89 -13 -142 -197 -115 -214 -79 -214 -47 -191 -81 -184 -116 -183 104 -192 132 -216 166 -216 196 -200 169 -186 135 -186 -53 88 -25 65 8 51 33 58 59 50 95 63 127 80 97 117 63 134 36 139 8 136 -23 122 -38 90 8 85 34 86 60 82 112 83 61 92 35 97 9 94 1280 200
-225 -205 -215 -132 -193 -63 -171 7 -146 73 -109 136 -66 193 -16 240 48 253 111 241 164 193 208 135 246 70 271 0 289 -72 300 -148 301 -224 -193 -244 -164 -275 -119 -287 -71 -283 -27 -265 69 -265 114 -285 162 -293 211 -285 246 -255 21 -204 23 -150 25 -97 27 -42 -27 -11 0 0 30 8 61 -2 89 -15 -143 -198 -114 -215 -79 -215 -48 -191 -80 -185 -116 -184 102 -193 130 -218 165 -219 195 -205 168 -190 134 -189 -52 87 -24 65 8 51 35 59 60 49 96 62 127 78 99 114 66 134 38 138 10 135 -22 119 -37 88 9 86 35 88 62 84 112 81 63 91 36 96 9 92 1280 210
-218 -200 -211 -129 -192 -60 -171 9 -148 75 -113 139 -71 195 -19 239 46 251 110 239 164 191 210 135 246 70 271 3 287 -68 296 -142 298 -218 -195 -238 -168 -276 -121 -290 -72 -283 -26 -264 68 -266 115 -286 166 -295 217 -284 250 -245 23 -205 25 -150 27 -96 28 -41 -27 -12 0 0 29 8 60 -3 88 -16 -144 -199 -116 -217 -81 -217 -48 -194 -81 -187 -117 -185 102 -196 131 -220 166 -220 196 -205 169 -191 134 -190 -54 86 -27 64 7 51 31 59 57 50 92 62 124 76 96 114 63 132 34 137 7 135 -26 119 -40 87 7 84 32 85 58 81 107 79 60 89 34 94 8 91 1280 220
-228 -214 -218 -143 -199 -74 -178 -5 -152 61 -115 126 -72 185 -22 235 42 248 106 235 159 187 204 131 244 68 269 -1 286 -74 297 -149 297 -225 -197 -247 -167 -278 -121 -289 -74 -282 -29 -263 66 -265 111 -285 160 -294 210 -287 246 -257 21 -203 23 -149 24 -95 26 -40 -27 -11 0 0 29 9 59 -2 86 -14 -145 -199 -116 -216 -80 -216 -50 -192 -82 -185 -118 -184 101 -194 128 -219 164 -220 195 -205 168 -189 133 -188 -52 85 -26 65 7 50 31 58 55 49 91 61 125 76 95 114 62 133 36 138 10 136 -23 120 -37 87 8 85 32 86 56 82 109 80 59 90 34 95 9 92 1280 230
-227 -205 -216 -132 -194 -61 -171 8 -145 75 -109 139 -67 195 -16 240 48 252 111 239 163 191 208 135 245 71 268 2 283 -71 295 -146 298 -222 -197 -239 -169 -275 -123 -288 -74 -281 -27 -262 68 -264 114 -283 163 -293 213 -283 246 -248 22 -204 24 -149 26 -95 29 -39 -28 -12 0 0 30 9 60 -2 89 -14 -143 -196 -116 -212 -82 -211 -49 -189 -82 -183 -117 -182 102 -192 130 -215 164 -216 194 -201 168 -187 134 -186 -53 87 -26 65 7 52 32 59 58 51 94 62 127 78 98 115 65 134 37 139 9 137 -24 121 -38 89 7 85 33 87 59 83 111 81 61 92 36 97 9 94 1280 240
-231 -215 -220 -142 -197 -72 -173 0 -148 68 -110 135 -69 191 -18 237 47 250 110 239 165 190 211 132 248 64 272 -6 284 -81 294 -156 296 -232 -197 -250 -166 -280 -120 -289 -71 -280 -25 -260 64 -260 111 -284 161 -294 212 -286 246 -254 20 -205 22 -150 25 -96 27 -40 -28 -12 0 0 30 9 60 -2 88 -15 -148 -192 -117 -194 -85 -195 -52 -188 -86 -181 -118 -180 102 -190 135 -197 166 -196 197 -194 168 -182 137 -182 -54 84 -25 64 7 51 33 58 60 49 95 61 128 77 99 115 67 135 37 139 8 137 -23 121 -37 87 7 85 34 86 61 82 110 80 63 90 36 94 9 91 1280 250
-227 -211 -218 -138 -197 -67 -175 3 -150 70 -113 135 -71 193 -20 238 44 250 109 238 163 191 209 135 244 69 267 -1 281 -73 292 -148 295 -225 -196 -247 -165 -278 -120 -288 -73 -283 -28 -264 69 -265 113 -284 161 -292 209 -284 244 -254 22 -205 24 -150 27 -95 29 -40 -28 -11 0 0 30 8 60 -3 88 -15 -145 -197 -117 -210 -83 -210 -51 -191 -84 -185 -118 -184 103 -192 131 -213 164 -213 194 -201 167 -188 134 -188 -53 86 -26 64 6 51 31 58 57 50 93 62 125 78 96 116 64 133 35 138 8 136 -24 121 -37 88 6 85 32 87 58 83 109 81 61 90 34 95 8 92 1280 260
-225 -209 -215 -136 -195 -67 -174 2 -149 69 -111 134 -69 191 -19 236 44 247 107 236 158 190 201 134 239 70 265 0 282 -72 293 -147 296 -223 -193 -246 -163 -278 -119 -288 -72 -281 -27 -263 70 -265 114 -284 162 -292 210 -285 244 -256 23 -205 25 -149 27 -93 28 -37 -27 -12 0 0 30 9 60 -2 88 -13 -143 -198 -115 -211 -80 -212 -49 -192 -82 -185 -116 -184 102 -194 130 -214 164 -215 194 -203 167 -189 134 -188 -55 84 -27 65 6 51 31 60 56 50 91 62 124 77 94 115 62 134 34 138 7 136 -26 119 -41 87 6 85 31 87 57 83 109 80 59 91 33 96 7 93 1280 270
-225 -209 -215 -137 -193 -66 -169 3 -144 70 -108 135 -66 192 -16 237 47 248 110 235 163 186 208 129 246 65 271 -4 286 -76 298 -150 302 -226 -195 -249 -164 -280 -120 -290 -73 -283 -29 -265 69 -268 114 -287 162 -295 211 -288 247 -259 21 -208 23 -151 24 -95 26 -38 -27 -11 0 0 29 9 59 -2 87 -14 -142 -200 -115 -215 -80 -215 -48 -193 -82 -186 -116 -186 102 -195 130 -218 164 -218 194 -205 167 -190 133 -189 -53 84 -28 64 5 49 31 57 57 49 92 61 125 76 96 114 63 132 35 137 7 135 -26 120 -38 86 6 85 32 86 58 83 108 80 60 88 34 94 7 91 1280 280
-221 -213 -213 -143 -194 -74 -172 -4 -145 63 -108 130 -66 190 -16 237 49 248 115 234 170 181 217 123 254 56 279 -13 291 -86 299 -159 299 -233 -194 -245 -167 -279 -121 -291 -73 -285 -28 -266 69 -267 114 -287 163 -295 213 -287 247 -255 22 -206 25 -150 26 -96 28 -39 -28 -12 0 0 30 9 61 -2 90 -15 -142 -200 -114 -216 -79 -216 -48 -194 -81 -188 -115 -187 102 -196 130 -218 164 -219 195 -205 168 -191 134 -190 -53 84 -25 62 7 50 33 58 60 49 96 61 128 77 98 115 65 133 35 138 7 135 -25 119 -38 86 7 82 34 85 61 80 110 80 61 90 34 95 7 92 1280 290
-226 -213 -214 -140 -193 -69 -170 1 -144 66 -107 131 -66 189 -16 237 49 248 115 234 168 180 213 122 250 56 273 -13 287 -85 297 -160 298 -235 -197 -247 -168 -281 -121 -291 -72 -284 -28 -263 68 -264 113 -286 162 -295 211 -287 246 -256 22 -206 24 -150 26 -95 28 -39 -29 -13 0 0 29 9 60 -2 88 -15 -144 -201 -116 -216 -81 -215 -49 -194 -82 -188 -117 -186 102 -196 129 -218 163 -218 194 -205 167 -191 133 -190 -53 84 -25 64 6 52 31 59 58 50 92 62 124 76 94 115 63 133 34 138 7 136 -24 119 -38 87 7 85 32 86 59 82 106 79 60 88 33 94 7 91 1280 300
-227 -211 -216 -140 -195 -68 -172 1 -144 68 -106 132 -65 190 -16 237 48 249 111 235 164 187 210 130 247 66 272 -3 287 -77 295 -153 295 -229 -195 -242 -167 -276 -121 -287 -73 -281 -29 -263 72 -263 116 -283 165 -291 214 -284 251 -253 23 -205 26 -149 28 -93 31 -37 -28 -12 0 0 31 10 62 -2 91 -14 -142 -197 -114 -212 -80 -212 -47 -191 -81 -185 -115 -183 102 -194 131 -216 166 -216 196 -203 169 -189 135 -188 -53 86 -24 65 8 52 33 60 58 51 93 63 126 77 95 116 63 134 35 138 7 136 -24 121 -39 88 8 85 33 87 59 83 109 81 60 91 34 97 8 93 1280 310
-224 -219 -216 -149 -195 -78 -173 -7 -146 60 -106 126 -64 185 -16 234 48 247 113 233 166 180 212 119 251 50 276 -20 291 -93 299 -166 299 -240 -193 -250 -163 -282 -117 -291 -69 -283 -25 -264 67 -264 113 -284 162 -292 210 -285 245 -257 23 -204 26 -148 28 -93 29 -36 -28 -12 0 0 30 10 62 -2 91 -15 -143 -201 -114 -216 -79 -216 -48 -194 -81 -186 -116 -185 103 -196 130 -219 165 -219 196 -205 169 -189 134 -188 -52 84 -24 64 7 51 32 59 59 50 93 63 125 76 95 115 63 134 34 138 6 135 -23 120 -37 86 7 84 32 86 59 83 108 80 60 90 33 95 8 92 1280 320
-224 -215 -214 -143 -195 -73 -174 -4 -149 63 -113 127 -71 185 -21 232 45 244 111 232 163 183 209 125 247 61 272 -9 285 -82 296 -156 297 -231 -194 -247 -164 -278 -119 -289 -72 -282 -26 -264 73 -266 120 -285 169 -293 219 -285 251 -251 24 -206 26 -149 27 -93 29 -36 -28 -12 0 0 30 9 60 -1 89 -14 -141 -200 -113 -215 -77 -216 -45 -194 -78 -186 -114 -185 102 -197 130 -219 166 -219 196 -205 169 -190 134 -189 -53 84 -25 66 8 53 32 60 56 52 91 63 123 77 94 116 61 136 35 140 8 137 -23 121 -38 86 8 84 32 85 57 82 106 81 58 91 34 97 9 93 1280 330
-228 -225 -218 -150 -196 -79 -175 -8 -150 60 -111 127 -67 185 -17 232 47 245 110 231 163 180 208 123 245 57 269 -12 285 -83 296 -156 300 -232 -196 -247 -165 -279 -119 -290 -70 -282 -25 -263 75 -265 120 -285 168 -293 216 -287 251 -255 25 -207 26 -150 28 -93 29 -36 -27 -13 0 0 30 9 61 -2 90 -14 -142 -200 -113 -215 -78 -215 -48 -193 -80 -187 -115 -186 104 -196 133 -219 167 -220 197 -206 171 -191 137 -190 -52 83 -24 65 9 52 33 60 59 51 93 63 124 76 96 114 65 133 36 138 9 136 -23 119 -37 86 9 83 33 85 60 80 107 80 62 90 35 96 10 93 1280 340
-229 -223 -218 -149 -197 -77 -175 -8 -147 59 -109 126 -70 185 -20 233 44 245 107 231 159 180 203 121 241 55 267 -13 284 -85 294 -160 295 -235 -198 -249 -168 -281 -121 -291 -73 -285 -29 -266 71 -268 117 -286 166 -294 215 -286 250 -255 23 -206 24 -148 27 -92 29 -35 -29 -12 0 0 29 9 60 -2 89 -14 -144 -201 -115 -216 -79 -216 -48 -194 -80 -187 -116 -186 102 -196 129 -220 164 -219 194 -205 168 -191 133 -189 -53 83 -25 65 8 51 31 59 55 51 89 63 121 76 92 116 60 134 33 139 7 136 -24 120 -37 86 7 85 31 86 56 83 105 80 57 90 32 95 8 92 1280 350
-224 -225 -214 -150 -195 -80 -174 -9 -151 59 -115 126 -72 183 -22 229 43 244 109 232 162 185 209 128 247 61 271 -9 285 -83 295 -158 298 -235 -195 -250 -165 -281 -120 -292 -72 -285 -28 -266 74 -266 120 -286 168 -294 218 -286 253 -254 24 -207 25 -150 27 -93 28 -35 -28 -12 0 0 30 9 61 -1 90 -13 -141 -202 -113 -217 -77 -217 -46 -195 -79 -188 -114 -187 104 -196 133 -219 168 -220 199 -206 172 -191 137 -189 -54 81 -26 64 7 51 33 59 60 50 96 63 129 77 98 115 64 133 35 137 6 134 -26 117 -39 84 7 83 33 85 60 81 112 80 61 90 34 95 7 91 1280 360
-227 -228 -218 -156 -197 -85 -175 -15 -149 52 -112 119 -69 179 -19 228 45 242 112 228 167 176 215 113 253 43 281 -28 297 -103 309 -177 311 -252 -194 -258 -163 -285 -120 -293 -73 -287 -30 -268 77 -268 121 -286 165 -295 211 -290 246 -265 23 -209 25 -151 27 -93 29 -35 -26 -13 0 0 30 9 61 -2 90 -15 -142 -208 -112 -219 -77 -218 -48 -196 -80 -190 -115 -190 104 -198 131 -220 166 -220 196 -208 169 -192 135 -190 -53 78 -24 62 7 50 33 59 59 49 93 62 125 74 95 114 63 133 34 137 5 133 -25 115 -38 82 7 82 33 85 59 81 108 78 60 89 33 95 6 90 1280 370
-223 -229 -214 -156 -193 -85 -170 -14 -144 54 -107 122 -66 181 -18 229 43 241 105 230 156 181 201 122 240 55 267 -14 285 -86 297 -162 300 -238 -193 -251 -163 -283 -117 -292 -69 -282 -24 -261 73 -262 118 -283 166 -292 215 -286 251 -256 24 -205 26 -149 28 -93 30 -35 -27 -13 0 0 30 10 62 -1 90 -15 -144 -195 -115 -195 -81 -197 -46 -190 -81 -178 -116 -177 103 -191 136 -199 169 -197 201 -196 171 -181 138 -180 -54 79 -24 62 6 51 31 59 57 50 91 61 125 75 94 115 61 133 32 137 5 135 -25 117 -37 82 6 83 31 84 57 81 108 78 59 88 32 93 7 90 1280 380
-225 -225 -218 -154 -199 -83 -178 -11 -152 57 -114 122 -71 180 -20 228 46 242 111 230 163 178 208 118 246 49 273 -21 289 -95 300 -169 303 -244 -194 -257 -161 -285 -117 -293 -68 -285 -25 -265 73 -263 118 -283 166 -293 214 -287 250 -258 24 -206 26 -148 28 -92 31 -34 -28 -13 0 0 31 10 62 -1 91 -14 -143 -200 -112 -205 -80 -206 -48 -194 -81 -190 -113 -189 106 -195 137 -206 168 -205 198 -200 169 -189 138 -189 -53 80 -22 63 9 51 34 58 61 50 94 62 125 75 95 112 64 131 35 136 8 133 -23 116 -37 83 10 84 34 86 62 82 106 78 62 88 34 93 9 90 1280 390
-225 -229 -216 -158 -195 -87 -173 -18 -149 51 -113 118 -72 179 -22 228 44 241 109 229 161 178 206 119 244 53 270 -16 288 -90 300 -165 303 -240 -195 -258 -163 -286 -118 -294 -71 -285 -27 -266 71 -264 115 -285 162 -293 211 -288 249 -263 24 -206 26 -149 28 -92 29 -35 -29 -13 0 0 30 9 60 -2 89 -15 -143 -203 -114 -216 -79 -216 -47 -195 -80 -188 -115 -188 103 -196 131 -216 166 -217 196 -204 169 -190 136 -189 -55 80 -25 62 7 50 32 58 58 50 92 62 125 75 94 114 62 133 33 137 6 135 -25 117 -39 83 7 83 32 85 58 82 107 79 59 89 33 94 7 90 1280 400
-222 -226 -214 -154 -195 -82 -172 -11 -145 55 -107 121 -66 179 -17 229 46 243 109 230 162 180 208 121 249 53 278 -17 294 -92 305 -169 306 -245 -193 -256 -162 -285 -117 -293 -70 -286 -26 -267 75 -268 121 -287 169 -296 217 -290 253 -263 23 -207 25 -149 26 -93 28 -35 -27 -13 0 0 30 9 61 -1 90 -14 -142 -205 -112 -216 -77 -217 -46 -197 -79 -190 -114 -190 105 -199 134 -218 168 -219 199 -206 171 -193 138 -192 -51 81 -24 63 8 51 33 60 61 50 97 63 129 77 98 116 64 134 34 138 5 134 -24 118 -36 84 7 85 34 87 61 84 113 81 61 89 33 94 7 90 1280 410
-223 -226 -214 -153 -195 -83 -174 -12 -148 54 -111 121 -71 180 -23 230 41 244 106 231 157 183 201 127 239 63 266 -5 283 -78 298 -153 303 -229 -195 -249 -166 -281 -119 -292 -71 -285 -28 -265 75 -265 121 -284 171 -293 220 -285 255 -252 24 -207 25 -148 27 -91 28 -33 -28 -13 0 0 29 10 60 -2 89 -15 -140 -203 -111 -216 -76 -216 -45 -195 -77 -188 -113 -188 104 -197 133 -218 166 -218 197 -206 170 -192 136 -191 -53 81 -26 65 6 52 32 60 58 51 93 64 125 76 95 115 62 134 33 138 6 135 -26 117 -38 84 6 83 32 86 58 82 109 79 59 91 33 96 6 91 1280 420
-226 -228 -215 -156 -196 -86 -177 -16 -151 51 -113 117 -70 176 -20 225 43 240 107 228 160 178 205 119 243 53 269 -16 285 -89 297 -166 301 -244 -194 -255 -163 -285 -116 -293 -68 -285 -24 -265 69 -265 115 -286 165 -295 216 -288 253 -256 23 -209 25 -150 27 -93 29 -34 -28 -13 0 0 30 10 61 -2 90 -14 -140 -204 -112 -217 -78 -216 -45 -197 -79 -191 -113 -190 103 -197 132 -216 166 -215 197 -205 169 -191 135 -190 -54 78 -26 62 8 50 34 59 60 50 94 62 127 74 95 112 63 130 34 134 6 131 -26 113 -38 81 8 81 34 84 60 80 110 78 60 88 34 93 8 89 1280 430
-226 -230 -216 -156 -196 -86 -174 -16 -146 51 -108 116 -66 176 -16 226 45 240 106 227 157 177 203 119 242 53 271 -15 288 -89 299 -165 302 -242 -198 -256 -165 -287 -119 -294 -72 -286 -28 -266 75 -267 119 -286 165 -294 212 -290 249 -264 24 -208 26 -149 28 -91 30 -33 -27 -13 0 0 30 9 62 -2 90 -15 -141 -206 -111 -217 -78 -217 -47 -198 -79 -191 -113 -191 104 -197 132 -216 166 -216 196 -206 168 -192 136 -191 -51 78 -26 63 6 51 32 59 57 50 92 62 123 73 95 114 62 132 34 137 6 133 -25 115 -36 82 6 81 32 84 58 80 107 77 59 89 33 94 7 90 1280 440
-224 -244 -214 -166 -196 -92 -174 -19 -146 52 -110 119 -66 179 -14 225 49 237 113 222 166 169 211 109 247 38 274 -32 289 -106 302 -183 308 -259 -194 -260 -162 -288 -118 -294 -72 -288 -29 -270 76 -271 121 -289 167 -297 215 -294 251 -269 24 -209 26 -149 27 -91 29 -32 -28 -13 0 0 30 10 62 -1 91 -14 -141 -207 -111 -218 -77 -218 -48 -199 -78 -193 -113 -192 103 -200 131 -219 165 -220 196 -210 169 -195 135 -194 -51 78 -26 62 6 51 32 59 60 50 93 62 124 73 95 112 63 131 33 135 5 132 -26 114 -37 81 7 82 33 85 60 81 108 77 61 88 33 93 6 89 1280 450
-229 -232 -219 -159 -199 -88 -177 -18 -150 49 -112 114 -70 173 -20 220 41 235 104 223 157 174 203 116 241 49 270 -21 285 -95 294 -171 296 -248 -198 -259 -167 -287 -121 -294 -74 -286 -30 -266 75 -266 119 -287 167 -295 215 -292 252 -267 24 -207 26 -148 28 -90 29 -31 -28 -12 0 0 31 9 62 -2 91 -14 -142 -206 -112 -217 -78 -217 -48 -197 -80 -191 -114 -191 104 -198 133 -218 167 -219 197 -208 169 -193 136 -192 -55 77 -26 63 7 52 31 60 58 52 92 63 125 74 93 113 61 132 32 137 4 134 -27 114 -40 81 6 84 31 86 58 83 108 78 59 89 31 93 6 89 1280 460
-229 -239 -220 -163 -200 -89 -176 -18 -148 50 -110 117 -68 176 -19 223 42 236 104 222 155 171 201 112 240 46 269 -22 285 -96 295 -171 297 -247 -197 -260 -165 -288 -119 -293 -72 -285 -28 -267 75 -267 120 -286 167 -295 214 -291 249 -266 23 -207 25 -148 27 -90 29 -32 -28 -13 0 0 30 10 61 -2 89 -15 -144 -208 -114 -218 -79 -218 -47 -198 -81 -192 -116 -192 103 -199 132 -219 166 -218 196 -207 169 -192 135 -192 -54 79 -26 63 7 51 30 59 56 51 90 63 123 74 92 114 60 133 32 138 6 135 -26 117 -38 83 7 84 31 86 57 82 105 78 58 89 31 94 8 90 1280 470
-228 -225 -217 -156 -197 -87 -175 -18 -148 48 -111 114 -69 173 -20 223 44 237 109 224 160 172 205 112 243 44 270 -25 288 -98 300 -173 303 -247 -198 -259 -165 -289 -119 -295 -71 -288 -27 -267 75 -265 121 -287 170 -297 220 -291 255 -259 25 -207 27 -148 29 -90 30 -32 -28 -14 0 0 31 10 63 -2 91 -15 -142 -207 -113 -219 -78 -218 -48 -198 -81 -191 -115 -191 105 -199 134 -220 168 -220 198 -208 171 -193 138 -193 -52 76 -25 62 7 51 33 59 60 50 93 61 124 72 95 113 63 132 34 137 6 134 -25 115 -37 80 7 83 33 85 61 82 107 76 61 88 33 93 7 89 1280 480
-237 -240 -228 -164 -209 -88 -186 -16 -156 51 -116 117 -75 176 -24 224 38 238 102 226 152 177 197 120 235 55 263 -13 281 -88 294 -163 298 -240 -201 -262 -167 -289 -121 -294 -74 -285 -30 -266 76 -265 122 -284 169 -294 217 -289 253 -261 24 -206 26 -147 28 -89 30 -30 -28 -13 0 0 30 11 61 -1 89 -13 -147 -209 -116 -218 -80 -217 -49 -197 -83 -192 -119 -193 105 -198 134 -217 168 -217 200 -207 172 -192 138 -192 -56 80 -26 63 6 53 31 61 58 53 91 64 123 76 93 117 61 137 31 142 4 139 -28 118 -41 83 6 85 31 88 58 84 106 80 59 91 32 96 6 92 1280 490
-224 -237 -214 -161 -194 -89 -172 -17 -147 52 -109 117 -68 175 -18 220 44 233 106 221 155 173 199 115 236 51 265 -17 281 -89 293 -166 297 -244 -197 -258 -166 -288 -120 -296 -72 -287 -28 -267 77 -267 123 -286 171 -295 220 -289 253 -261 25 -209 27 -149 29 -91 31 -31 -28 -14 0 0 31 10 63 -2 91 -16 -142 -210 -112 -219 -77 -219 -47 -198 -79 -192 -115 -192 105 -199 136 -219 170 -220 200 -208 173 -193 138 -193 -53 75 -26 61 7 50 32 58 58 49 94 61 128 72 96 112 64 131 35 136 7 132 -26 113 -38 79 7 82 32 84 59 80 111 76 61 87 33 92 8 88 1280 500
-230 -241 -220 -166 -198 -93 -174 -22 -146 46 -109 112 -66 171 -16 219 44 234 107 221 160 171 207 112 247 44 278 -25 296 -98 308 -175 312 -252 -198 -263 -163 -290 -116 -295 -68 -287 -23 -268 72 -268 118 -288 168 -298 218 -293 255 -268 26 -207 27 -148 28 -90 28 -31 -28 -14 0 0 31 10 63 -1 92 -15 -140 -209 -110 -219 -76 -218 -46 -198 -78 -192 -113 -192 107 -199 136 -219 170 -219 200 -209 173 -194 140 -193 -51 76 -24 61 8 50 33 58 59 50 94 61 126 73 96 112 65 130 36 135 8 131 -23 113 -36 79 8 82 33 84 60 81 108 77 61 87 34 92 9 88 1280 510
-226 -231 -216 -158 -197 -86 -175 -15 -148 51 -110 116 -67 174 -18 221 43 235 105 223 157 174 203 114 242 48 273 -21 291 -95 303 -173 306 -251 -198 -259 -166 -288 -121 -296 -73 -288 -28 -268 75 -268 121 -287 170 -297 218 -291 254 -264 24 -208 25 -148 27 -90 28 -30 -28 -14 0 0 30 10 62 -2 91 -15 -145 -206 -114 -217 -79 -218 -47 -198 -80 -192 -115 -192 104 -199 134 -219 169 -219 200 -208 171 -194 137 -194 -54 76 -24 62 8 52 33 60 60 51 92 62 125 73 94 113 64 132 35 137 7 133 -24 115 -38 79 8 82 34 85 61 81 107 77 61 89 34 95 8 91 1280 520
-227 -233 -216 -161 -195 -90 -173 -20 -147 46 -109 112 -68 171 -19 222 43 237 107 225 160 175 205 117 244 49 274 -20 292 -96 306 -176 310 -254 -197 -256 -165 -284 -120 -292 -73 -286 -28 -266 74 -266 122 -285 173 -294 224 -285 260 -252 23 -209 25 -149 27 -90 28 -30 -28 -13 0 0 31 10 63 -1 92 -14 -141 -207 -111 -217 -77 -216 -46 -197 -79 -191 -113 -191 106 -198 135 -218 169 -218 201 -207 172 -193 138 -192 -50 78 -24 63 8 52 34 61 59 51 93 62 125 74 95 114 63 134 35 138 7 135 -24 116 -36 81 8 82 34 84 60 80 108 77 60 89 34 95 8 90 1280 530
-228 -234 -218 -160 -199 -89 -178 -19 -153 48 -116 115 -72 173 -20 221 41 234 104 222 156 173 201 113 240 47 272 -23 289 -96 301 -175 303 -254 -197 -256 -166 -287 -120 -295 -72 -287 -26 -267 74 -266 121 -286 173 -295 222 -288 258 -256 24 -207 25 -147 27 -90 28 -31 -27 -12 0 0 31 10 62 -1 90 -14 -139 -207 -109 -218 -75 -217 -47 -197 -79 -192 -112 -192 106 -198 134 -218 167 -219 197 -207 170 -192 137 -192 -51 77 -25 62 8 51 32 59 58 50 90 62 122 73 93 112 61 130 33 134 6 131 -25 114 -36 80 7 81 32 84 58 80 106 77 59 89 33 94 7 89 1280 540
-218 -232 -210 -160 -192 -88 -172 -17 -148 51 -111 117 -69 175 -20 222 41 237 103 224 155 176 201 118 239 51 268 -18 284 -91 295 -167 298 -245 -198 -259 -165 -288 -120 -294 -74 -287 -29 -267 79 -268 123 -286 170 -294 216 -291 251 -266 23 -207 25 -147 27 -89 29 -30 -28 -13 0 0 30 9 62 -2 90 -14 -141 -208 -111 -218 -77 -218 -47 -198 -79 -191 -114 -192 105 -199 134 -218 167 -218 196 -207 170 -193 138 -192 -53 77 -25 62 8 52 33 60 60 52 94 62 126 74 97 114 63 133 33 138 6 134 -26 116 -38 80 8 82 33 84 60 81 109 79 61 91 33 95 7 91 1280 550
-228 -235 -216 -161 -195 -87 -173 -16 -146 52 -109 118 -68 175 -19 221 42 235 105 223 157 175 201 116 240 49 268 -19 286 -92 297 -170 300 -247 -199 -254 -167 -286 -120 -294 -72 -286 -27 -267 77 -266 124 -285 173 -294 224 -287 257 -254 25 -207 27 -147 29 -89 30 -29 -27 -13 0 0 31 10 63 -1 92 -14 -140 -207 -111 -218 -77 -217 -46 -197 -78 -191 -113 -191 107 -197 135 -217 168 -217 199 -206 172 -192 139 -191 -52 78 -24 63 8 52 33 61 60 52 94 64 126 75 96 114 64 134 34 138 6 134 -25 114 -38 81 8 82 33 85 61 81 110 79 61 90 34 96 8 91 1280 560
-224 -235 -214 -161 -195 -89 -172 -19 -146 47 -110 114 -69 172 -19 220 44 233 106 220 158 170 204 112 242 46 270 -23 289 -96 304 -173 310 -252 -200 -258 -168 -288 -122 -296 -74 -288 -29 -269 77 -267 124 -286 172 -295 221 -290 258 -261 24 -208 25 -148 27 -90 28 -31 -27 -12 0 0 30 10 61 -2 89 -14 -141 -209 -111 -219 -77 -218 -48 -198 -80 -192 -114 -192 105 -198 134 -218 168 -218 198 -208 171 -193 138 -192 -53 76 -25 62 6 51 32 59 59 50 93 62 125 72 94 113 62 133 32 137 4 133 -26 113 -38 80 6 81 32 84 59 80 109 77 60 89 32 94 6 89 1280 570
-217 -238 -210 -165 -192 -91 -170 -20 -146 48 -109 115 -66 173 -17 221 44 235 106 222 156 173 203 113 244 45 276 -27 296 -102 308 -180 311 -259 -193 -257 -162 -288 -114 -295 -64 -285 -19 -263 71 -262 121 -284 172 -294 225 -290 261 -259 26 -202 28 -145 29 -89 30 -32 -27 -13 0 0 31 10 64 -1 92 -14 -140 -197 -109 -197 -75 -198 -40 -191 -75 -179 -111 -179 104 -193 139 -201 173 -199 205 -198 175 -181 140 -181 -53 76 -24 61 8 52 32 61 59 52 95 62 128 73 96 114 63 134 33 137 6 134 -25 116 -36 79 8 82 33 85 60 81 109 78 60 89 33 93 7 89 1280 580
-221 -239 -214 -163 -196 -90 -175 -18 -149 51 -112 117 -69 175 -19 222 42 234 104 222 154 175 199 119 238 54 266 -15 283 -88 296 -164 299 -243 -198 -256 -167 -286 -119 -294 -69 -286 -23 -266 79 -266 126 -286 176 -295 227 -289 263 -259 28 -206 29 -147 30 -90 31 -31 -28 -13 0 0 32 11 63 0 92 -14 -144 -204 -113 -212 -79 -212 -45 -197 -80 -190 -115 -189 107 -196 139 -212 173 -211 204 -203 175 -189 141 -189 -52 77 -23 62 9 52 33 60 58 51 91 62 124 73 94 115 63 134 35 138 8 135 -23 115 -35 81 8 80 33 82 59 79 106 78 61 92 34 96 9 92 1280 590
-227 -244 -216 -166 -195 -90 -173 -17 -146 52 -108 118 -65 176 -16 222 47 233 110 220 162 169 208 109 248 42 277 -27 294 -99 306 -175 309 -253 -202 -257 -169 -288 -121 -295 -72 -287 -27 -266 75 -266 123 -286 172 -295 221 -290 256 -261 25 -206 27 -147 28 -89 29 -30 -29 -13 0 0 31 10 62 -2 91 -15 -142 -206 -112 -216 -79 -215 -47 -196 -81 -191 -114 -191 106 -197 136 -215 169 -215 199 -206 171 -192 139 -191 -52 76 -24 62 7 52 32 60 59 51 92 62 124 72 94 111 63 131 34 136 7 133 -24 114 -36 80 7 82 33 84 60 80 106 77 61 88 33 93 7 90 1280 600
-226 -252 -216 -174 -198 -100 -175 -27 -147 41 -108 108 -66 168 -17 217 44 231 106 218 157 166 204 106 245 38 276 -32 294 -106 308 -183 311 -260 -201 -263 -166 -289 -117 -294 -68 -285 -23 -264 75 -266 123 -286 172 -295 221 -292 258 -266 28 -206 29 -148 29 -90 30 -30 -28 -13 0 0 31 10 64 -2 92 -15 -144 -208 -111 -216 -76 -215 -44 -197 -79 -191 -114 -191 107 -199 139 -216 174 -218 207 -211 178 -194 143 -192 -52 75 -24 62 9 51 34 60 59 50 94 61 127 70 96 110 64 131 35 135 8 132 -23 113 -37 79 9 82 34 85 60 80 110 76 61 87 34 93 9 89 1280 610
-221 -239 -213 -167 -194 -94 -171 -23 -144 44 -107 110 -64 170 -16 218 44 232 107 219 160 168 206 107 245 39 277 -31 296 -104 307 -183 309 -261 -195 -261 -164 -289 -119 -295 -72 -287 -28 -268 75 -265 120 -285 168 -295 217 -292 252 -265 25 -207 27 -147 28 -88 29 -28 -27 -14 0 0 31 11 63 -1 92 -15 -140 -209 -110 -217 -77 -217 -46 -201 -79 -195 -112 -194 106 -199 135 -215 169 -215 199 -207 171 -193 138 -192 -52 75 -24 62 8 52 34 60 61 52 94 62 125 73 94 112 63 132 33 137 5 133 -25 114 -36 79 8 81 34 84 61 80 108 77 60 88 33 94 6 89 1280 620
-230 -245 -220 -171 -199 -97 -178 -24 -151 43 -113 109 -71 169 -19 218 43 233 106 219 157 169 201 108 240 41 270 -27 288 -100 299 -177 301 -254 -198 -265 -163 -290 -116 -294 -69 -285 -25 -265 79 -265 125 -284 172 -293 219 -290 255 -266 27 -206 29 -147 30 -88 32 -29 -28 -14 0 0 31 11 63 0 92 -13 -144 -212 -112 -217 -78 -216 -47 -200 -79 -195 -114 -195 106 -198 136 -213 169 -212 199 -205 171 -192 139 -191 -54 77 -24 62 10 52 33 60 60 51 94 63 126 73 95 114 62 133 33 138 7 135 -25 116 -40 81 9 83 33 85 59 81 108 77 60 89 33 94 9 90 1280 630
-231 -246 -218 -168 -198 -94 -175 -23 -148 45 -112 111 -71 171 -21 219 42 233 104 220 156 169 201 109 240 41 269 -29 285 -102 295 -180 297 -256 -197 -260 -165 -289 -118 -295 -70 -286 -25 -266 74 -265 120 -284 168 -294 216 -290 252 -264 26 -206 27 -146 28 -87 30 -28 -27 -13 0 0 31 11 62 0 90 -14 -141 -208 -111 -217 -77 -216 -45 -200 -79 -193 -113 -193 104 -199 134 -214 168 -214 198 -205 170 -192 137 -191 -55 75 -24 62 8 52 33 60 59 52 91 62 122 73 92 112 62 132 34 137 6 133 -25 116 -40 79 8 82 33 85 60 81 105 77 60 88 33 93 7 89 1280 640
-229 -249 -219 -173 -199 -97 -176 -25 -149 42 -112 109 -70 168 -20 218 41 232 104 219 156 169 202 110 242 42 275 -27 296 -102 308 -181 313 -258 -200 -263 -164 -289 -117 -295 -68 -285 -22 -264 76 -263 125 -284 175 -294 226 -288 261 -258 27 -206 28 -147 30 -88 31 -29 -28 -14 0 0 31 11 64 0 93 -13 -141 -210 -111 -218 -78 -216 -46 -200 -79 -196 -113 -196 108 -198 138 -215 170 -215 203 -207 173 -194 141 -193 -53 75 -24 62 8 52 32 60 59 51 93 63 127 73 95 113 63 132 34 137 8 134 -23 116 -39 79 8 83 33 85 60 81 110 77 61 89 34 94 9 90 1280 650
-229 -246 -220 -171 -201 -95 -178 -23 -151 46 -111 112 -67 170 -16 218 46 231 110 217 163 165 209 105 247 36 275 -35 293 -109 301 -185 299 -262 -199 -263 -166 -290 -119 -295 -71 -287 -27 -268 77 -268 123 -286 170 -295 218 -292 254 -269 27 -207 28 -148 30 -89 31 -30 -27 -14 0 0 31 10 64 -1 92 -14 -145 -210 -113 -217 -79 -217 -47 -202 -81 -195 -115 -194 106 -200 136 -216 170 -215 201 -207 173 -193 139 -193 -57 74 -25 60 9 50 33 58 60 50 95 62 129 72 97 116 63 134 33 138 6 134 -27 116 -41 78 8 82 33 85 61 81 111 76 61 88 33 93 8 88 1280 660
-224 -255 -216 -177 -197 -100 -174 -24 -146 45 -108 111 -65 169 -17 217 43 230 104 218 155 170 200 112 239 45 271 -25 292 -100 308 -180 312 -261 -199 -264 -165 -291 -117 -296 -68 -286 -23 -266 80 -267 127 -286 176 -296 226 -293 263 -267 28 -208 29 -149 30 -90 31 -30 -26 -14 0 0 31 10 64 -1 93 -15 -142 -210 -111 -217 -77 -217 -43 -201 -78 -195 -113 -195 106 -199 137 -216 171 -215 203 -208 174 -193 140 -193 -52 74 -22 61 10 52 35 60 60 51 95 62 129 71 96 113 63 132 34 136 7 133 -23 116 -36 79 9 82 34 84 61 80 112 75 61 89 35 93 9 88 1280 670
-232 -253 -221 -178 -203 -105 -181 -35 -157 34 -121 102 -77 163 -26 214 35 228 98 217 151 168 198 109 239 41 269 -28 288 -102 302 -180 309 -258 -199 -262 -165 -290 -117 -297 -68 -286 -21 -266 79 -266 126 -286 175 -296 224 -292 260 -265 29 -208 30 -148 30 -89 30 -28 -27 -14 0 0 32 10 63 -1 92 -15 -138 -210 -108 -217 -75 -217 -42 -202 -76 -195 -110 -195 107 -199 137 -215 169 -215 200 -208 171 -194 139 -193 -52 74 -25 60 6 51 32 59 59 50 92 60 124 70 93 108 62 128 33 133 5 130 -26 111 -38 77 6 80 32 82 59 78 107 75 60 87 33 92 6 88 1280 680
-230 -249 -220 -174 -201 -98 -177 -26 -149 41 -112 107 -69 167 -19 215 42 229 104 216 157 165 201 103 239 34 270 -36 290 -111 302 -190 305 -269 -195 -266 -162 -292 -116 -296 -69 -287 -26 -267 80 -267 126 -286 173 -295 221 -293 256 -269 27 -210 28 -149 29 -90 31 -30 -28 -14 0 0 31 10 64 -1 92 -13 -145 -212 -113 -219 -78 -218 -45 -202 -79 -196 -114 -195 104 -200 136 -217 170 -216 202 -208 173 -193 139 -192 -55 74 -24 61 9 52 33 60 60 51 94 62 128 72 95 113 63 132 33 137 7 134 -25 114 -41 78 9 83 33 85 60 81 110 75 60 88 33 93 8 89 1280 690
-230 -249 -219 -171 -199 -93 -175 -20 -145 47 -105 113 -61 171 -13 217 46 230 107 216 159 164 207 104 248 35 278 -36 297 -112 312 -191 317 -271 -198 -265 -164 -291 -116 -296 -66 -286 -21 -265 76 -265 123 -285 173 -296 225 -292 261 -266 29 -208 30 -148 30 -88 30 -28 -27 -14 0 0 31 11 64 0 93 -13 -144 -212 -111 -218 -76 -218 -40 -203 -77 -197 -112 -196 106 -202 139 -217 172 -216 206 -210 175 -195 141 -195 -51 75 -21 62 10 53 34 61 60 52 93 62 126 71 95 112 64 131 35 136 9 133 -22 114 -37 78 10 83 34 85 61 81 110 75 61 88 35 93 10 89 1280 700
-225 -241 -216 -168 -197 -94 -175 -22 -150 47 -113 113 -71 170 -21 216 39 230 101 219 154 172 199 113 239 45 269 -25 286 -101 296 -179 298 -258 -194 -266 -160 -293 -114 -297 -68 -287 -25 -267 78 -266 124 -286 170 -295 218 -293 254 -268 27 -207 29 -147 30 -87 32 -27 -28 -14 0 0 32 11 65 -1 94 -14 -142 -212 -110 -218 -76 -218 -43 -202 -77 -196 -112 -196 107 -200 138 -215 170 -215 201 -208 173 -194 140 -194 -57 73 -25 60 8 51 34 59 62 51 95 62 129 71 96 113 64 133 33 137 5 133 -27 114 -41 78 7 82 34 85 62 81 111 76 62 88 33 93 6 88 1280 710
-213 -267 -205 -190 -188 -115 -167 -43 -139 25 -101 93 -60 152 -15 203 42 220 105 208 158 158 205 99 248 30 280 -42 298 -119 308 -200 310 -281 -193 -262 -161 -291 -114 -296 -63 -286 -16 -263 70 -260 119 -282 170 -294 222 -290 261 -263 26 -205 27 -146 29 -89 30 -29 -29 -15 0 0 32 11 67 -1 96 -16 -137 -199 -107 -196 -74 -197 -39 -193 -74 -182 -107 -182 105 -194 138 -197 171 -195 206 -199 173 -182 139 -182 -53 70 -25 59 8 51 33 59 59 50 93 58 128 68 95 111 62 130 34 134 6 131 -25 111 -37 75 8 78 33 80 59 76 110 72 60 88 33 93 7 88 1280 720
-220 -257 -213 -181 -197 -108 -175 -36 -147 32 -108 100 -64 161 -17 212 44 226 106 212 160 160 210 102 252 35 284 -36 300 -110 310 -190 312 -268 -198 -264 -164 -291 -117 -295 -69 -286 -24 -265 74 -266 123 -285 174 -295 224 -291 262 -265 27 -205 29 -146 31 -87 32 -28 -29 -14 0 0 32 11 65 0 94 -13 -145 -210 -113 -216 -78 -215 -44 -199 -79 -193 -114 -193 106 -199 139 -215 172 -214 205 -207 175 -192 141 -191 -53 73 -23 61 9 52 32 60 60 51 94 61 127 70 95 111 62 132 33 137 7 134 -23 112 -38 77 9 81 33 84 61 79 110 75 60 88 32 94 8 89 1280 730
-226 -251 -216 -175 -198 -100 -176 -28 -150 41 -111 105 -68 163 -20 213 42 226 105 212 156 162 202 103 241 37 270 -30 287 -103 298 -178 300 -256 -196 -262 -164 -292 -116 -295 -67 -284 -22 -262 73 -262 120 -283 169 -295 219 -293 256 -268 28 -206 30 -147 31 -88 32 -29 -29 -14 0 0 31 12 64 0 93 -14 -142 -211 -110 -218 -76 -217 -43 -202 -77 -196 -112 -196 105 -201 137 -216 169 -216 200 -209 172 -195 139 -194 -55 72 -24 60 9 50 32 60 57 50 91 61 125 69 93 111 60 130 33 134 6 131 -26 111 -40 76 9 82 32 84 58 80 108 74 58 86 32 91 8 86 1280 740
-228 -264 -217 -187 -197 -111 -173 -39 -145 29 -107 96 -65 156 -19 206 40 222 103 209 156 155 204 94 247 27 282 -43 303 -119 317 -201 322 -283 -198 -268 -163 -293 -115 -297 -66 -286 -21 -264 76 -263 124 -284 174 -295 225 -293 264 -268 28 -207 29 -147 30 -88 30 -27 -27 -15 0 0 32 12 65 0 93 -15 -141 -215 -109 -222 -74 -222 -42 -203 -76 -198 -111 -198 109 -202 140 -221 175 -223 208 -214 178 -197 144 -195 -54 71 -25 60 9 51 32 60 59 52 92 61 124 69 93 110 61 129 32 134 6 130 -26 110 -40 75 9 82 33 84 60 81 107 74 59 87 32 92 8 87 1280 750
-222 -257 -215 -181 -197 -105 -177 -33 -149 36 -110 102 -65 160 -16 209 42 223 104 209 157 158 205 97 247 28 278 -43 295 -118 305 -196 308 -274 -200 -266 -166 -293 -117 -296 -68 -286 -23 -265 77 -265 125 -284 175 -294 225 -291 261 -264 28 -206 30 -147 31 -88 32 -28 -29 -15 0 0 32 11 65 -1 94 -14 -144 -212 -112 -219 -77 -218 -43 -201 -78 -196 -113 -196 105 -201 137 -215 170 -215 202 -209 173 -194 140 -193 -54 71 -23 60 10 51 32 60 58 51 91 61 124 68 93 109 60 130 32 134 7 131 -25 111 -39 75 9 80 32 83 59 78 107 73 58 86 31 92 8 88 1280 760
-230 -256 -222 -180 -201 -106 -178 -34 -150 36 -111 101 -68 160 -18 210 43 223 104 210 156 158 202 97 242 29 273 -40 294 -114 307 -192 308 -269 -202 -263 -168 -292 -118 -297 -66 -285 -20 -263 74 -264 124 -285 174 -296 226 -293 263 -266 29 -206 30 -146 31 -88 32 -27 -28 -15 0 0 32 11 65 -1 94 -15 -141 -213 -110 -221 -76 -221 -44 -203 -78 -197 -113 -197 107 -202 140 -221 173 -222 205 -214 177 -197 143 -195 -52 71 -22 60 11 52 33 60 57 51 91 61 124 68 93 110 61 129 34 133 9 130 -23 111 -37 75 11 81 34 83 58 79 105 72 59 86 34 91 11 86 1280 770
-233 -257 -223 -180 -201 -105 -179 -33 -153 36 -117 103 -72 160 -21 210 41 222 104 208 156 158 201 100 239 33 268 -36 284 -110 296 -187 298 -264 -202 -265 -165 -291 -116 -294 -66 -283 -21 -261 73 -262 120 -283 169 -294 219 -291 256 -265 29 -207 30 -147 31 -88 32 -28 -29 -15 0 0 32 11 65 0 93 -15 -145 -214 -113 -220 -78 -219 -44 -202 -80 -197 -115 -198 105 -201 136 -218 169 -219 201 -212 173 -197 140 -195 -56 71 -26 60 6 50 30 59 57 51 88 60 120 68 90 108 59 127 31 131 4 128 -28 109 -41 75 6 80 31 82 57 78 103 73 58 85 31 89 6 85 1280 780
-229 -249 -218 -174 -198 -99 -176 -29 -147 38 -106 103 -63 159 -12 205 50 218 111 203 166 153 215 94 254 25 282 -43 295 -116 304 -192 307 -271 -197 -266 -164 -291 -118 -296 -70 -286 -27 -266 74 -268 121 -286 170 -296 220 -291 257 -266 27 -207 28 -147 29 -87 31 -27 -29 -14 0 0 32 11 65 0 93 -14 -143 -213 -112 -220 -79 -220 -44 -203 -78 -197 -113 -197 104 -201 133 -218 167 -217 199 -211 171 -195 138 -194 -55 71 -23 60 9 52 32 59 58 51 92 61 124 68 94 109 61 129 33 133 7 130 -24 111 -40 75 9 80 33 82 59 78 106 72 59 87 33 92 9 88 1280 790
-236 -257 -224 -181 -202 -106 -177 -34 -149 34 -110 99 -67 157 -17 209 44 223 108 209 158 155 204 93 242 25 271 -45 291 -118 302 -196 302 -274 -202 -267 -166 -293 -119 -296 -70 -287 -25 -266 78 -267 126 -287 175 -296 224 -293 260 -268 27 -207 29 -147 30 -88 30 -28 -28 -15 0 0 32 11 64 -1 92 -15 -142 -213 -110 -221 -76 -221 -42 -203 -77 -197 -112 -197 108 -204 138 -221 173 -223 206 -215 177 -197 142 -196 -55 72 -26 61 8 51 32 60 58 52 89 61 120 68 91 108 62 129 33 134 7 131 -26 111 -40 76 9 80 32 83 58 79 101 73 59 87 33 92 8 88 1280 800
-229 -254 -220 -176 -200 -100 -178 -27 -150 41 -110 105 -66 161 -14 207 47 219 111 205 165 154 216 95 257 28 287 -41 304 -116 318 -195 325 -275 -196 -268 -163 -294 -117 -297 -71 -287 -27 -267 78 -268 125 -287 173 -298 223 -296 262 -272 27 -209 28 -149 29 -89 30 -29 -28 -15 0 0 31 11 64 -1 92 -14 -140 -214 -109 -222 -75 -221 -43 -204 -76 -198 -111 -198 105 -203 136 -221 170 -221 203 -213 173 -198 139 -196 -55 71 -24 60 8 51 32 60 58 50 91 60 123 68 94 109 61 129 33 133 6 130 -26 111 -41 75 9 80 33 83 59 78 106 72 59 86 32 91 7 87 1280 810
-234 -265 -223 -186 -200 -111 -176 -39 -149 30 -110 96 -68 156 -18 206 43 220 107 206 159 152 206 91 245 23 275 -47 294 -121 306 -200 308 -281 -204 -267 -167 -293 -118 -297 -66 -286 -19 -264 71 -264 120 -285 171 -295 222 -293 261 -267 29 -206 30 -147 30 -88 31 -28 -29 -15 0 0 33 11 65 0 93 -14 -141 -213 -109 -222 -72 -221 -38 -202 -74 -196 -111 -196 104 -200 136 -220 173 -222 207 -213 177 -195 140 -192 -53 70 -23 61 9 52 32 61 57 53 89 62 121 69 90 111 59 130 32 135 7 131 -24 110 -39 74 9 79 33 82 58 78 103 74 57 89 32 94 8 89 1280 820
-226 -257 -216 -182 -198 -106 -176 -35 -148 33 -108 99 -63 157 -14 206 45 221 107 207 160 153 208 93 250 24 280 -47 296 -123 309 -202 313 -281 -195 -268 -162 -294 -115 -297 -66 -287 -22 -266 75 -266 122 -286 170 -297 221 -294 259 -270 28 -209 29 -148 29 -88 29 -28 -28 -14 0 0 31 10 64 -1 93 -14 -141 -213 -110 -220 -75 -220 -40 -204 -76 -198 -111 -198 105 -203 137 -218 171 -218 204 -212 174 -196 140 -196 -56 69 -26 59 8 50 33 59 60 50 94 59 128 68 96 109 62 129 33 133 5 129 -27 110 -41 73 8 81 33 83 60 79 110 72 60 85 33 89 7 85 1280 830
-233 -251 -222 -175 -200 -100 -177 -28 -148 40 -108 105 -64 162 -14 210 46 224 107 211 158 158 204 97 244 28 274 -42 292 -117 303 -195 304 -273 -199 -266 -164 -293 -116 -296 -67 -285 -21 -263 72 -262 119 -283 170 -294 222 -292 261 -267 27 -206 28 -146 30 -87 32 -27 -29 -15 0 0 32 11 65 0 94 -14 -140 -212 -110 -219 -76 -219 -43 -203 -77 -198 -111 -197 106 -201 137 -216 169 -216 201 -211 172 -195 139 -194 -54 72 -24 60 9 52 33 60 58 52 90 61 123 68 92 108 61 128 34 133 7 130 -25 111 -39 76 9 79 33 82 59 78 105 73 59 87 34 92 8 87 1280 840
-233 -252 -224 -175 -204 -102 -181 -30 -155 38 -116 104 -70 162 -18 209 43 222 104 208 156 158 203 99 243 32 273 -36 291 -110 301 -186 301 -261 -198 -266 -164 -293 -117 -297 -67 -287 -21 -266 75 -265 122 -285 172 -296 222 -294 261 -269 29 -206 30 -146 31 -88 31 -28 -28 -15 0 0 33 11 65 -1 94 -15 -143 -214 -111 -223 -74 -222 -39 -204 -75 -198 -113 -197 106 -203 138 -222 174 -223 208 -215 178 -197 141 -196 -56 71 -26 60 9 51 33 60 58 51 90 60 122 68 91 106 60 127 32 131 5 127 -28 108 -41 74 9 79 33 82 58 79 105 72 57 84 32 89 7 84 1280 850
-224 -249 -216 -175 -198 -102 -177 -32 -149 35 -111 100 -68 159 -18 208 43 222 106 208 162 157 211 98 252 30 283 -40 301 -115 313 -193 316 -270 -194 -265 -161 -289 -115 -293 -67 -284 -21 -266 79 -265 126 -284 175 -294 224 -291 262 -267 29 -206 30 -146 30 -88 29 -29 -27 -15 0 0 32 11 65 -1 95 -15 -138 -210 -107 -220 -72 -219 -36 -202 -72 -195 -108 -194 107 -201 140 -219 174 -220 207 -211 177 -194 143 -194 -53 73 -23 62 9 53 33 62 59 53 91 61 125 70 93 110 61 129 33 133 6 130 -25 112 -39 76 9 80 33 83 60 78 107 74 59 87 33 92 8 88 1280 860
-228 -254 -218 -178 -200 -104 -177 -34 -151 35 -112 100 -66 160 -15 206 44 218 104 205 157 155 205 97 246 32 277 -36 296 -108 308 -187 312 -264 -195 -270 -160 -295 -114 -298 -65 -287 -20 -267 81 -267 128 -287 176 -297 226 -294 264 -268 31 -209 31 -148 31 -88 31 -26 -27 -16 0 0 33 11 65 0 95 -14 -140 -215 -109 -225 -74 -224 -39 -204 -75 -198 -111 -198 109 -203 140 -222 175 -223 208 -214 178 -197 143 -196 -55 68 -25 60 9 51 33 59 59 51 93 60 126 68 95 108 62 128 34 133 6 129 -26 109 -41 72 9 79 33 82 60 77 110 72 60 85 33 91 8 86 1280 870
-231 -259 -219 -183 -199 -111 -177 -40 -150 28 -110 94 -66 154 -16 203 44 217 106 203 159 153 205 95 246 28 276 -40 293 -115 307 -193 312 -273 -198 -270 -163 -294 -118 -297 -70 -288 -26 -267 78 -266 126 -285 175 -295 224 -292 261 -266 28 -207 29 -146 30 -86 30 -25 -28 -14 0 0 32 11 64 -1 93 -15 -140 -214 -109 -223 -75 -222 -40 -204 -76 -199 -111 -198 105 -204 136 -222 170 -222 203 -215 172 -199 139 -198 -55 67 -25 59 8 51 32 60 57 51 89 58 123 64 91 107 60 127 33 132 6 129 -26 109 -40 72 8 79 32 82 58 77 107 70 58 85 33 91 8 87 1280 880
-233 -277 -222 -199 -204 -124 -183 -50 -157 20 -118 86 -75 147 -25 199 37 215 99 204 150 155 197 96 241 28 274 -44 293 -121 305 -204 309 -288 -201 -269 -168 -297 -120 -301 -68 -291 -20 -269 76 -268 125 -289 176 -300 227 -299 264 -273 27 -210 29 -149 31 -89 32 -28 -29 -15 0 0 32 11 65 0 95 -14 -143 -213 -110 -214 -75 -215 -37 -204 -75 -197 -112 -197 103 -202 138 -209 173 -209 208 -208 176 -193 140 -192 -54 66 -23 57 9 49 34 58 59 50 93 58 128 64 95 108 61 129 33 133 5 128 -26 108 -38 71 9 76 34 79 60 76 110 69 59 84 33 89 7 84 1280 890
-226 -268 -218 -191 -202 -118 -182 -46 -154 25 -115 92 -70 151 -19 201 42 216 106 203 162 152 210 94 254 26 283 -43 296 -118 300 -196 298 -274 -197 -272 -162 -295 -116 -298 -67 -287 -22 -265 73 -262 119 -284 168 -295 219 -293 257 -270 29 -207 29 -146 30 -86 31 -25 -28 -14 0 0 33 12 66 0 95 -15 -141 -212 -109 -212 -77 -211 -43 -203 -78 -197 -110 -197 107 -200 140 -205 171 -204 205 -207 172 -191 140 -192 -60 65 -26 58 9 50 33 58 57 50 91 58 124 63 91 109 59 128 32 131 4 128 -29 109 -45 70 9 79 33 82 58 78 106 70 57 86 32 91 7 87 1280 900
-239 -273 -229 -195 -210 -122 -187 -50 -159 20 -120 87 -77 149 -27 202 39 219 105 205 156 153 201 92 240 24 270 -45 286 -120 296 -199 297 -279 -201 -275 -164 -297 -117 -298 -68 -287 -23 -265 74 -263 121 -283 171 -292 222 -292 259 -268 27 -208 29 -148 30 -88 32 -26 -28 -15 0 0 32 12 64 0 93 -14 -145 -215 -112 -218 -77 -217 -41 -204 -79 -198 -114 -199 102 -202 136 -214 171 -214 204 -209 173 -194 138 -194 -55 68 -23 60 10 52 34 61 59 52 91 61 123 68 92 109 61 129 33 134 6 130 -26 110 -39 74 10 81 34 84 60 80 104 73 59 83 34 88 9 83 1280 910
-234 -251 -226 -176 -209 -102 -187 -32 -161 36 -121 100 -76 157 -22 203 42 215 104 199 156 146 201 87 238 20 265 -47 280 -119 291 -193 291 -269 -199 -268 -164 -293 -117 -294 -68 -284 -24 -261 68 -261 116 -282 165 -293 215 -292 254 -266 25 -205 27 -146 29 -88 30 -28 -29 -15 0 0 31 11 62 0 89 -15 -144 -211 -114 -219 -80 -219 -44 -203 -81 -198 -115 -198 96 -202 130 -218 164 -219 195 -211 166 -196 132 -195 -62 68 -29 59 5 50 29 58 53 50 86 60 118 66 87 107 56 127 29 131 1 128 -31 110 -48 73 5 78 29 81 54 76 101 71 53 85 28 89 4 85 1280 920
-237 -278 -227 -198 -208 -123 -183 -51 -157 19 -119 87 -75 149 -24 197 40 211 103 197 156 146 202 85 242 18 272 -51 289 -125 297 -203 297 -281 -204 -272 -167 -297 -116 -299 -64 -289 -17 -265 75 -263 122 -284 171 -296 222 -295 259 -268 29 -208 30 -147 31 -87 33 -26 -28 -15 0 0 33 11 65 -1 93 -16 -144 -218 -110 -222 -75 -221 -38 -204 -77 -198 -114 -199 102 -202 136 -220 173 -223 207 -218 177 -198 140 -196 -57 65 -25 57 8 49 33 57 57 49 89 57 121 64 90 104 60 124 33 128 6 125 -26 104 -42 69 8 75 33 78 59 75 104 68 58 81 33 85 7 81 1280 930
-234 -270 -225 -193 -204 -118 -181 -45 -153 25 -113 91 -67 151 -16 199 47 212 109 196 160 142 207 80 247 12 278 -56 296 -129 305 -205 304 -281 -205 -273 -167 -298 -118 -298 -68 -287 -21 -265 74 -264 122 -284 170 -297 221 -297 259 -272 29 -207 30 -146 30 -86 31 -25 -29 -16 0 0 33 11 65 0 92 -15 -144 -216 -111 -220 -77 -220 -42 -204 -78 -197 -113 -198 104 -203 137 -218 171 -219 203 -213 174 -195 140 -195 -52 67 -23 59 9 51 32 59 57 51 90 59 122 64 92 104 62 124 34 129 8 125 -23 106 -37 71 9 78 32 81 58 77 106 69 60 81 34 86 10 82 1280 940
-235 -264 -225 -191 -204 -119 -185 -49 -161 19 -125 86 -79 147 -25 197 40 212 105 199 159 149 207 89 246 19 275 -51 290 -125 300 -202 300 -281 -204 -275 -168 -298 -120 -299 -72 -290 -26 -269 76 -265 124 -285 173 -296 223 -294 260 -269 27 -209 29 -147 29 -85 30 -23 -29 -15 0 0 33 12 65 -1 92 -16 -144 -216 -113 -223 -78 -222 -42 -205 -79 -199 -115 -199 104 -203 135 -221 170 -222 203 -215 173 -198 139 -198 -58 66 -27 58 6 50 33 59 59 50 91 59 122 65 93 106 62 126 33 129 4 126 -28 106 -43 71 6 78 33 81 59 77 105 70 60 81 33 85 6 81 1280 950
-222 -266 -214 -190 -198 -117 -179 -45 -154 24 -115 89 -69 147 -18 195 44 210 106 197 158 146 205 87 244 20 274 -47 289 -119 298 -196 297 -274 -198 -271 -163 -295 -115 -298 -67 -287 -21 -268 74 -265 121 -285 169 -297 221 -297 259 -271 28 -209 29 -147 30 -87 31 -26 -28 -15 0 0 33 11 65 0 95 -16 -141 -212 -110 -221 -76 -221 -40 -204 -76 -198 -111 -197 101 -203 135 -220 170 -222 202 -214 172 -197 137 -196 -56 66 -24 58 10 50 34 58 57 50 89 58 121 65 90 105 60 125 33 129 6 125 -26 105 -40 70 10 79 34 82 58 78 104 69 58 81 33 86 8 82 1280 960
-232 -273 -225 -197 -206 -122 -184 -51 -154 19 -114 87 -68 148 -17 198 42 212 102 197 152 141 197 80 240 13 271 -54 289 -129 298 -206 298 -283 -197 -268 -162 -295 -114 -298 -64 -287 -17 -265 71 -263 117 -283 166 -296 217 -295 254 -268 29 -206 30 -146 31 -87 31 -27 -29 -16 0 0 32 11 64 0 93 -16 -138 -214 -108 -222 -74 -222 -38 -204 -74 -198 -109 -198 102 -203 134 -221 169 -223 202 -216 173 -199 138 -197 -58 66 -27 57 6 49 32 58 57 49 89 58 120 64 90 102 61 123 33 127 4 124 -28 104 -43 69 6 76 32 79 58 74 103 68 58 80 32 86 6 82 1280 970
-231 -252 -221 -178 -203 -106 -179 -36 -151 29 -113 92 -69 149 -19 197 42 210 104 197 156 148 203 88 244 21 275 -46 293 -119 304 -197 305 -274 -201 -270 -165 -294 -117 -297 -68 -287 -22 -266 75 -266 122 -286 171 -297 220 -296 258 -270 29 -209 30 -147 30 -87 31 -26 -28 -15 0 0 32 11 65 0 94 -15 -141 -212 -109 -219 -74 -220 -38 -203 -74 -198 -110 -197 103 -204 135 -219 169 -220 202 -214 173 -198 138 -197 -55 65 -25 59 8 49 32 58 57 50 89 59 122 64 90 103 60 123 32 127 6 124 -25 103 -41 69 8 77 32 81 58 77 105 69 57 81 32 86 7 81 1280 980
-233 -257 -221 -182 -200 -108 -177 -37 -151 32 -112 96 -67 152 -17 200 43 213 105 200 155 149 200 93 239 30 267 -35 285 -107 298 -183 301 -258 -197 -265 -162 -292 -114 -295 -65 -284 -19 -262 74 -261 121 -282 170 -294 219 -293 255 -265 30 -206 30 -146 31 -85 31 -24 -28 -15 0 0 32 12 64 -1 93 -16 -139 -212 -108 -220 -73 -220 -38 -202 -74 -196 -109 -196 102 -201 133 -220 167 -222 201 -213 171 -196 137 -194 -55 67 -25 59 8 49 32 59 58 50 89 58 121 64 92 105 61 125 33 130 7 127 -26 107 -41 71 9 78 33 81 59 77 104 70 58 83 33 88 8 83 1280 990
-229 -254 -220 -179 -200 -107 -176 -37 -148 30 -110 95 -66 154 -17 201 44 213 105 200 158 150 205 91 244 25 274 -43 290 -119 300 -197 301 -274 -196 -266 -162 -290 -116 -293 -68 -284 -23 -264 75 -265 121 -284 169 -294 217 -292 253 -268 27 -206 27 -145 28 -85 29 -24 -28 -15 0 0 31 12 64 0 92 -16 -138 -211 -108 -219 -73 -219 -39 -203 -75 -197 -109 -197 100 -203 134 -218 167 -220 199 -213 170 -197 136 -196 -55 68 -25 60 8 50 33 59 58 51 90 58 124 64 92 106 61 126 33 130 6 127 -26 107 -40 72 8 79 33 82 59 77 107 69 58 83 33 88 7 84 1280 1000
-227 -295 -219 -214 -203 -135 -181 -59 -151 11 -112 79 -71 142 -22 193 41 207 106 192 158 137 205 77 246 9 278 -62 295 -139 304 -220 307 -301 -200 -270 -164 -294 -115 -296 -64 -285 -18 -262 75 -261 124 -281 176 -293 227 -293 267 -270 30 -205 30 -145 30 -86 31 -26 -28 -15 0 0 33 12 66 0 95 -16 -146 -215 -112 -217 -75 -215 -38 -200 -76 -192 -115 -193 104 -200 138 -217 178 -220 216 -219 183 -195 144 -191 -53 66 -22 57 8 48 34 57 60 48 93 57 126 64 96 104 65 125 35 130 7 127 -24 107 -37 70 9 77 34 81 62 76 107 69 62 81 34 87 8 83 1280 1010
-233 -251 -222 -177 -201 -105 -180 -35 -154 32 -115 95 -71 153 -20 202 43 216 105 201 156 150 202 91 241 24 270 -44 284 -116 292 -190 291 -263 -198 -265 -165 -293 -118 -296 -69 -286 -23 -264 75 -261 121 -282 170 -293 221 -292 258 -264 28 -206 29 -145 30 -85 32 -25 -29 -16 0 0 33 12 65 0 93 -16 -140 -210 -109 -217 -76 -218 -42 -202 -77 -197 -110 -196 102 -200 135 -216 168 -217 199 -210 170 -194 137 -194 -57 69 -25 60 8 51 32 60 57 51 87 60 119 67 88 106 60 125 33 129 6 126 -27 107 -41 74 8 79 33 82 58 78 100 71 57 82 33 87 8 83 1280 1020
-226 -246 -219 -173 -202 -103 -180 -36 -153 30 -115 94 -71 152 -17 200 46 213 107 198 160 146 205 89 243 23 270 -42 285 -112 294 -186 294 -257 -189 -271 -154 -294 -109 -295 -64 -284 -22 -264 78 -263 123 -283 171 -293 219 -291 257 -266 30 -207 31 -146 32 -86 32 -24 -28 -17 0 0 33 13 65 1 94 -15 -136 -212 -107 -220 -74 -219 -38 -203 -74 -198 -108 -198 102 -203 137 -218 169 -218 203 -212 172 -196 138 -196 -57 67 -26 59 8 50 33 57 58 50 91 58 124 64 92 105 61 123 33 127 5 123 -27 106 -43 71 8 77 33 80 59 75 107 69 58 81 32 85 6 82 1280 1030
-223 -247 -215 -175 -196 -104 -175 -35 -151 31 -114 96 -68 151 -18 198 42 211 102 197 156 146 205 88 245 22 274 -46 290 -119 301 -194 301 -267 -194 -269 -161 -296 -115 -298 -68 -287 -22 -267 75 -265 123 -284 174 -296 224 -294 260 -267 29 -208 29 -147 28 -86 28 -25 -28 -16 0 0 31 12 63 -1 91 -16 -140 -213 -110 -220 -75 -220 -39 -205 -75 -198 -110 -198 103 -204 136 -219 169 -221 202 -214 172 -198 138 -197 -57 66 -26 58 8 50 31 57 57 49 89 56 121 62 91 102 60 121 32 127 6 124 -26 105 -43 70 8 78 32 81 58 76 105 68 58 79 31 84 7 81 1280 1040
-239 -274 -229 -198 -211 -123 -187 -49 -160 21 -120 86 -74 144 -23 196 38 212 99 198 151 147 200 87 240 20 271 -50 290 -124 303 -202 306 -282 -206 -274 -169 -297 -119 -298 -69 -288 -22 -267 73 -264 121 -284 170 -296 221 -296 259 -271 27 -206 29 -145 30 -85 31 -24 -28 -14 0 0 32 12 64 2 91 -13 -146 -216 -113 -220 -78 -219 -43 -204 -80 -196 -115 -197 100 -202 132 -218 167 -219 201 -214 170 -195 135 -194 -53 65 -24 59 7 50 32 59 57 51 88 60 119 64 89 102 59 121 32 125 5 121 -25 103 -38 70 7 78 32 81 57 78 103 69 57 79 32 83 7 79 1280 1050
-213 -249 -209 -178 -193 -108 -173 -41 -150 26 -114 90 -70 148 -19 194 41 207 101 195 156 145 204 87 244 20 272 -48 289 -119 301 -195 301 -271 -189 -268 -158 -296 -112 -297 -65 -286 -21 -265 76 -264 123 -284 171 -295 220 -293 255 -266 29 -207 30 -146 30 -86 30 -25 -28 -15 0 0 31 12 64 0 94 -15 -140 -214 -109 -222 -74 -221 -37 -203 -74 -197 -110 -197 102 -204 136 -220 170 -221 203 -214 173 -197 138 -196 -60 63 -27 56 7 48 32 56 57 48 91 55 125 61 92 102 59 122 30 125 3 121 -28 103 -46 68 6 76 32 80 58 75 109 66 57 79 31 83 5 79 1280 1060
-234 -301 -224 -218 -203 -140 -181 -66 -154 5 -115 73 -73 135 -24 185 39 198 103 183 155 135 201 77 243 11 275 -59 291 -137 302 -218 306 -303 -204 -275 -166 -296 -117 -295 -66 -285 -20 -263 78 -260 127 -280 177 -292 227 -293 267 -273 30 -205 31 -144 31 -85 31 -25 -30 -15 0 0 34 11 66 -1 95 -15 -153 -219 -116 -219 -78 -216 -39 -202 -80 -196 -119 -197 105 -201 140 -216 180 -218 218 -219 184 -195 145 -192 -57 62 -24 56 8 48 33 57 58 49 88 57 121 62 89 100 59 121 32 125 4 121 -27 100 -41 66 8 74 33 78 59 74 101 67 57 76 31 81 7 77 1280 1070
-222 -263 -213 -188 -197 -117 -177 -47 -151 24 -114 89 -70 147 -17 195 46 209 110 196 166 148 216 91 257 23 283 -46 297 -119 305 -198 303 -276 -197 -272 -163 -295 -116 -296 -67 -286 -21 -264 76 -262 122 -284 173 -298 226 -297 267 -273 29 -206 30 -145 30 -85 31 -23 -29 -17 0 0 33 13 66 0 95 -17 -140 -213 -109 -219 -74 -219 -37 -203 -75 -197 -110 -197 103 -202 137 -219 174 -220 209 -215 177 -197 140 -196 -56 64 -26 56 6 48 33 56 57 48 91 57 124 63 92 103 60 122 33 126 4 122 -27 103 -41 68 6 76 33 79 58 75 105 67 58 81 32 85 5 81 1280 1080
-229 -302 -220 -221 -205 -143 -182 -67 -152 3 -112 73 -67 136 -19 188 41 204 103 190 154 136 201 76 244 9 277 -62 296 -140 308 -223 313 -308 -207 -280 -167 -300 -116 -300 -64 -288 -17 -265 72 -263 122 -284 175 -296 227 -296 265 -273 30 -207 31 -147 32 -87 32 -25 -30 -16 0 0 33 12 66 1 95 -15 -147 -219 -114 -222 -77 -221 -39 -204 -78 -197 -116 -198 103 -203 139 -220 177 -222 213 -219 180 -197 142 -195 -54 62 -25 54 6 46 31 56 57 46 89 54 122 61 91 104 61 125 31 129 4 126 -27 103 -39 67 6 74 32 78 58 73 104 66 58 80 31 85 5 80 1280 1090
-227 -271 -217 -192 -198 -117 -175 -45 -150 23 -113 88 -69 147 -19 193 42 205 102 192 155 143 203 84 243 17 270 -51 288 -126 301 -202 305 -281 -198 -274 -163 -296 -113 -295 -64 -285 -18 -263 76 -261 123 -282 173 -293 223 -294 264 -271 29 -208 30 -146 31 -86 31 -24 -29 -16 0 0 33 12 65 0 94 -15 -140 -213 -108 -219 -73 -219 -38 -204 -74 -199 -109 -199 103 -203 137 -218 171 -218 204 -213 173 -198 139 -197 -55 63 -23 55 9 47 34 56 59 47 91 56 121 62 91 102 60 122 32 125 5 122 -25 104 -38 68 9 76 34 79 60 76 103 67 59 78 32 83 7 78 1280 1100
-222 -294 -212 -213 -197 -137 -176 -64 -148 4 -109 71 -68 134 -20 185 39 203 102 190 153 137 201 78 243 10 277 -60 295 -137 306 -219 310 -304 -198 -271 -163 -293 -115 -294 -64 -282 -18 -260 74 -258 123 -278 174 -290 225 -290 264 -267 28 -202 30 -142 30 -82 32 -23 -29 -14 0 0 33 12 67 0 96 -16 -142 -217 -112 -219 -76 -217 -39 -201 -77 -194 -114 -196 104 -200 139 -216 177 -219 214 -217 181 -194 142 -192 -56 62 -25 56 7 49 33 59 57 49 88 56 121 62 91 103 61 124 33 128 4 124 -26 105 -39 68 7 75 33 78 58 74 103 67 58 82 33 87 6 82 1280 1110
-215 -274 -209 -199 -195 -126 -177 -56 -152 11 -115 76 -75 136 -26 186 34 201 98 191 152 143 200 86 243 20 271 -49 284 -123 292 -200 293 -276 -183 -272 -151 -296 -105 -296 -59 -286 -15 -264 77 -261 122 -282 171 -294 220 -293 257 -269 30 -204 30 -143 29 -84 29 -24 -27 -16 0 0 31 13 64 0 94 -16 -128 -208 -98 -211 -64 -210 -27 -200 -65 -190 -100 -190 100 -199 134 -208 168 -208 201 -207 170 -188 135 -188 -58 57 -24 52 9 46 34 54 58 46 90 54 125 59 90 100 58 119 31 121 4 117 -27 99 -41 63 9 73 33 76 58 73 107 65 56 77 32 81 7 76 1280 1120
-234 -274 -224 -197 -204 -123 -182 -53 -158 15 -120 79 -77 137 -25 185 36 200 100 189 154 138 202 80 242 15 270 -52 287 -125 300 -203 301 -279 -200 -274 -163 -296 -114 -297 -65 -285 -18 -263 75 -260 121 -282 172 -294 224 -294 264 -271 28 -206 29 -145 29 -84 30 -23 -29 -16 0 0 33 12 65 0 93 -16 -141 -214 -108 -217 -74 -217 -38 -203 -76 -198 -111 -199 103 -202 137 -216 172 -218 207 -215 175 -197 139 -196 -60 59 -27 54 8 47 32 56 56 48 88 55 120 61 89 102 58 123 31 126 4 122 -29 102 -44 65 8 75 33 78 57 75 102 66 56 79 32 83 6 78 1280 1130
-228 -285 -218 -204 -198 -129 -177 -56 -150 11 -110 74 -65 131 -12 183 48 198 109 184 160 132 205 73 245 7 273 -59 290 -132 301 -211 302 -291 -203 -274 -168 -299 -119 -299 -68 -286 -21 -264 74 -263 122 -282 172 -294 222 -294 261 -269 29 -207 30 -145 31 -84 33 -21 -28 -17 0 0 33 13 65 1 94 -15 -149 -218 -116 -220 -82 -218 -44 -203 -82 -199 -118 -201 102 -203 135 -216 169 -217 203 -215 172 -197 138 -196 -54 58 -23 54 9 47 35 56 62 48 94 53 129 57 97 97 66 117 37 121 8 117 -22 98 -37 65 9 72 36 75 63 71 111 63 64 76 37 80 10 75 1280 1150
-229 -295 -219 -217 -203 -143 -181 -73 -153 -6 -113 59 -68 120 -20 171 40 189 103 174 157 123 206 62 251 -5 284 -74 301 -149 312 -226 316 -308 -201 -274 -165 -296 -115 -294 -65 -282 -20 -261 76 -258 125 -277 177 -289 229 -289 271 -267 29 -201 30 -141 31 -81 31 -21 -29 -16 0 0 33 13 66 0 96 -16 -147 -217 -113 -218 -79 -216 -42 -202 -81 -197 -116 -198 106 -200 142 -213 179 -215 216 -216 182 -194 145 -192 -56 57 -25 54 8 48 34 57 58 48 88 54 122 58 90 99 59 121 32 125 4 120 -27 99 -41 63 8 72 34 76 58 72 104 64 57 78 33 82 7 78 1280 1160
-224 -287 -213 -207 -195 -133 -176 -61 -152 7 -113 74 -69 133 -17 184 46 197 109 182 164 133 213 74 255 7 281 -62 294 -135 303 -212 304 -290 -199 -275 -163 -297 -115 -297 -66 -285 -22 -263 74 -262 123 -284 173 -295 225 -295 264 -273 28 -208 29 -146 30 -83 31 -21 -29 -17 0 0 32 14 65 0 94 -16 -149 -217 -117 -219 -81 -217 -43 -203 -82 -198 -118 -199 102 -204 137 -217 172 -219 208 -217 176 -198 140 -197 -56 57 -24 53 7 45 32 54 59 46 93 52 130 55 97 97 64 119 35 123 7 119 -23 99 -40 64 8 72 33 75 60 71 112 61 61 76 34 81 8 77 1280 1170
-232 -290 -225 -212 -208 -138 -186 -67 -160 2 -121 68 -77 128 -25 179 38 195 103 182 157 131 208 72 250 5 280 -66 296 -139 307 -215 309 -294 -200 -277 -162 -296 -115 -293 -66 -283 -23 -262 78 -260 125 -278 174 -289 222 -291 263 -274 31 -203 32 -143 32 -83 32 -24 -29 -17 0 0 33 14 66 1 95 -16 -148 -215 -113 -215 -78 -213 -42 -200 -80 -195 -116 -196 104 -199 140 -212 176 -215 214 -216 181 -194 143 -191 -60 56 -27 52 4 46 31 55 58 47 92 53 126 58 94 100 62 120 32 124 2 119 -29 99 -45 62 5 70 32 75 60 70 108 63 60 78 31 82 4 77 1280 1180
-231 -275 -223 -201 -205 -130 -182 -60 -156 8 -118 74 -74 133 -21 184 41 198 104 187 161 139 210 80 254 14 284 -55 304 -129 316 -207 319 -286 -200 -276 -164 -298 -117 -297 -69 -285 -25 -265 74 -263 122 -284 173 -296 226 -295 268 -273 28 -206 29 -144 29 -84 30 -22 -28 -15 0 0 31 13 63 1 92 -14 -144 -216 -113 -220 -79 -218 -42 -203 -80 -198 -115 -199 104 -205 138 -218 174 -220 210 -218 178 -199 142 -197 -56 59 -25 55 6 48 31 56 56 48 90 54 126 59 93 99 60 118 32 122 5 119 -25 100 -41 65 7 73 32 76 57 72 109 64 57 78 32 83 6 79 1280 1190
-231 -287 -223 -211 -207 -139 -187 -68 -160 0 -119 63 -73 121 -19 171 44 188 108 174 162 123 209 62 252 -7 282 -77 298 -150 308 -229 308 -308 -206 -276 -168 -299 -119 -294 -68 -283 -21 -263 73 -260 123 -278 175 -290 227 -290 269 -270 30 -203 31 -142 31 -83 32 -23 -30 -17 0 0 34 13 66 0 95 -15 -148 -216 -115 -216 -79 -214 -42 -200 -80 -195 -117 -196 104 -200 140 -212 178 -215 216 -215 181 -194 143 -193 -58 57 -26 53 7 46 33 55 56 46 89 54 127 58 92 98 61 118 34 122 6 117 -26 97 -42 62 8 71 34 75 58 71 108 64 58 76 33 80 6 76 1280 1200
-211 -291 -204 -216 -189 -144 -170 -72 -144 -5 -107 61 -67 124 -19 175 40 190 105 177 160 126 208 66 250 -2 281 -72 299 -149 311 -229 315 -310 -187 -273 -155 -295 -109 -295 -61 -285 -16 -262 77 -260 126 -280 178 -292 230 -292 271 -270 32 -203 32 -143 32 -83 31 -23 -27 -16 0 0 33 12 66 -1 95 -18 -133 -212 -101 -214 -65 -213 -28 -200 -66 -191 -104 -192 103 -202 140 -215 178 -216 216 -217 182 -194 143 -192 -55 56 -25 51 7 45 32 54 57 45 89 51 125 56 90 99 59 120 31 124 4 120 -27 100 -40 61 7 70 32 73 57 70 105 62 56 75 31 80 6 76 1280 1210
-222 -275 -215 -202 -200 -131 -180 -63 -155 4 -117 68 -74 128 -21 181 44 196 109 184 166 136 217 76 261 9 289 -58 303 -133 310 -211 308 -286 -191 -273 -156 -295 -110 -295 -62 -283 -15 -261 72 -259 121 -282 172 -293 225 -294 266 -273 29 -204 30 -143 30 -83 31 -21 -30 -18 0 0 33 15 67 1 98 -17 -137 -212 -106 -214 -72 -214 -36 -201 -74 -194 -108 -195 103 -202 137 -214 172 -216 206 -214 174 -195 139 -193 -54 57 -23 53 10 47 34 56 58 47 92 53 127 57 95 99 62 119 35 123 8 119 -23 99 -39 63 10 73 35 77 59 73 109 63 59 77 35 81 9 77 1280 1220
-230 -293 -221 -215 -201 -140 -180 -67 -154 2 -115 65 -71 122 -22 173 41 190 104 179 158 133 207 75 248 10 278 -59 295 -135 305 -214 307 -293 -202 -276 -165 -298 -114 -296 -63 -284 -16 -261 74 -259 123 -280 174 -294 227 -295 267 -271 31 -205 31 -143 31 -82 32 -21 -29 -17 0 0 34 13 68 0 97 -16 -144 -214 -111 -216 -78 -215 -40 -202 -78 -196 -113 -198 104 -203 140 -215 174 -217 209 -215 177 -196 142 -195 -55 58 -24 54 8 46 34 55 59 46 91 53 126 58 95 97 63 117 34 120 6 116 -24 96 -39 64 9 72 34 76 60 72 110 63 60 76 34 80 8 75 1280 1230
-216 -295 -210 -216 -194 -140 -174 -68 -148 1 -110 64 -67 124 -17 175 45 190 109 177 162 127 211 68 254 -1 283 -72 299 -148 309 -226 314 -306 -196 -274 -161 -296 -112 -294 -62 -281 -16 -258 75 -257 125 -278 176 -289 227 -289 267 -269 32 -202 33 -141 33 -81 33 -22 -29 -18 0 0 34 13 67 0 97 -17 -145 -216 -111 -215 -76 -213 -36 -201 -76 -196 -113 -196 105 -202 142 -212 178 -213 216 -215 181 -194 144 -193 -57 55 -25 50 7 45 33 54 61 45 93 51 128 55 95 96 63 117 33 121 4 117 -27 96 -41 60 7 71 33 75 62 70 110 60 61 75 33 79 6 75 1280 1240
-223 -297 -215 -219 -199 -144 -180 -72 -157 -3 -120 64 -76 124 -26 176 35 192 99 181 155 131 207 72 249 4 279 -68 296 -144 306 -224 309 -303 -198 -276 -162 -298 -113 -295 -63 -283 -18 -260 80 -260 130 -279 179 -290 229 -289 268 -269 33 -201 33 -141 32 -81 32 -21 -29 -16 0 0 33 13 66 1 95 -14 -142 -215 -108 -215 -74 -213 -37 -200 -75 -195 -110 -196 107 -201 144 -211 179 -212 214 -213 182 -194 146 -193 -59 56 -26 52 7 47 31 57 58 48 90 55 123 58 91 98 59 119 29 123 2 118 -29 96 -44 61 7 73 32 77 59 73 105 64 57 76 30 80 4 75 1280 1250
-226 -306 -219 -227 -205 -149 -187 -75 -161 -5 -120 63 -77 123 -25 175 37 191 102 177 156 123 203 65 246 -1 275 -71 289 -145 297 -222 300 -301 -196 -275 -160 -298 -110 -296 -59 -283 -14 -261 75 -257 124 -277 175 -289 226 -290 265 -266 30 -202 32 -141 32 -81 32 -21 -29 -16 0 0 33 14 65 0 94 -16 -143 -216 -111 -216 -76 -214 -39 -200 -78 -194 -113 -196 104 -199 138 -211 174 -212 210 -213 178 -192 142 -191 -58 54 -25 52 7 46 31 55 56 46 87 53 120 57 89 97 58 117 31 120 4 116 -27 95 -41 60 7 71 31 75 57 71 101 63 56 76 31 80 6 75 1280 1260
-212 -277 -206 -201 -191 -129 -172 -60 -149 6 -111 67 -68 126 -20 175 42 190 107 177 163 128 213 69 256 2 283 -67 296 -138 306 -213 311 -289 -189 -278 -156 -299 -109 -297 -62 -285 -16 -265 78 -260 126 -279 176 -290 229 -291 270 -270 31 -205 32 -143 32 -83 31 -22 -27 -17 0 0 32 14 65 0 95 -15 -139 -218 -107 -220 -73 -218 -37 -203 -76 -198 -110 -200 106 -202 142 -213 177 -214 213 -214 180 -194 144 -194 -57 53 -26 50 7 44 32 54 57 45 90 51 124 55 91 95 59 115 31 118 3 114 -28 94 -42 60 6 71 32 75 58 70 108 61 57 74 31 79 5 74 1280 1270
-213 -284 -206 -207 -190 -136 -170 -66 -147 -1 -109 63 -68 122 -20 174 40 191 103 180 160 133 212 76 255 10 284 -59 301 -133 313 -212 318 -291 -188 -274 -154 -298 -105 -296 -55 -283 -10 -261 75 -256 126 -277 178 -289 233 -288 274 -264 34 -203 34 -143 33 -83 33 -23 -29 -18 0 0 33 14 67 2 97 -13 -135 -218 -103 -219 -70 -217 -33 -202 -71 -199 -105 -201 108 -200 145 -211 180 -211 215 -210 182 -193 146 -192 -52 53 -22 50 8 44 32 54 58 47 92 55 125 61 92 99 59 118 31 121 4 115 -24 94 -37 60 8 71 32 75 59 73 108 65 57 78 31 81 6 75 1280 1280
-225 -283 -219 -205 -204 -131 -182 -60 -155 7 -116 68 -73 125 -24 175 34 190 93 176 145 126 194 70 236 7 267 -59 286 -132 298 -208 301 -285 -199 -270 -162 -294 -112 -292 -60 -278 -13 -256 77 -253 126 -274 176 -287 227 -288 266 -264 34 -198 34 -139 34 -80 34 -21 -28 -17 0 0 33 13 65 0 93 -15 -143 -214 -109 -214 -76 -212 -39 -198 -77 -194 -112 -196 104 -197 138 -209 172 -210 207 -209 175 -191 140 -190 -57 58 -23 55 10 49 32 57 56 49 88 55 119 56 89 98 57 117 31 122 6 118 -26 97 -41 63 9 72 32 75 57 71 104 63 57 77 31 81 9 77 1280 1290
-231 -307 -223 -225 -206 -149 -185 -77 -158 -7 -117 57 -73 116 -22 166 38 180 99 167 150 120 200 62 241 -5 271 -73 289 -147 302 -224 306 -304 -199 -280 -160 -299 -110 -293 -58 -279 -12 -256 77 -252 126 -272 178 -283 229 -284 270 -265 33 -198 33 -138 34 -79 34 -19 -29 -17 0 0 34 14 67 1 96 -15 -144 -220 -109 -216 -75 -213 -39 -200 -78 -197 -113 -201 108 -198 143 -207 176 -208 213 -211 180 -193 145 -192 -56 52 -24 51 8 46 33 55 58 47 89 52 123 53 92 94 60 115 32 120 4 115 -26 93 -40 59 8 69 33 73 58 69 107 59 59 75 33 79 6 75 1280 1320
-218 -298 -212 -221 -196 -150 -180 -80 -160 -9 -124 58 -82 119 -29 172 36 190 102 178 160 128 209 69 251 2 277 -66 293 -137 305 -211 309 -288 -193 -281 -157 -303 -109 -300 -60 -288 -14 -265 83 -260 133 -278 184 -288 236 -289 276 -267 33 -204 33 -141 33 -81 33 -19 -30 -18 0 0 33 15 67 1 97 -16 -141 -220 -108 -220 -74 -216 -35 -202 -76 -201 -110 -203 107 -198 145 -208 180 -210 216 -211 183 -194 147 -193 -61 51 -28 49 5 44 32 53 59 44 92 49 126 53 94 94 61 115 30 119 0 114 -31 93 -45 58 4 68 32 73 59 69 109 60 59 72 31 76 3 72 1280 1340
-217 -297 -211 -218 -197 -145 -180 -75 -159 -5 -122 60 -80 120 -26 173 40 189 108 176 165 125 213 65 253 -4 276 -76 291 -148 303 -224 308 -302 -192 -281 -156 -305 -107 -301 -58 -287 -13 -264 77 -258 127 -277 178 -289 230 -291 271 -269 32 -205 33 -142 33 -81 34 -19 -30 -18 0 0 34 15 69 1 99 -16 -141 -221 -109 -221 -75 -218 -37 -204 -76 -201 -111 -203 104 -202 141 -213 176 -213 212 -215 179 -197 144 -196 -61 49 -26 49 7 45 32 54 58 45 89 50 122 53 89 92 58 111 30 115 2 111 -29 91 -45 56 6 69 32 73 58 70 105 58 56 71 30 75 4 70 1280 1350
-214 -304 -210 -226 -198 -152 -181 -79 -158 -8 -123 60 -82 123 -30 178 36 195 102 183 159 134 207 75 250 8 277 -62 294 -136 306 -211 309 -288 -188 -281 -153 -304 -104 -301 -55 -288 -9 -263 83 -257 133 -277 184 -288 237 -288 277 -265 36 -203 35 -141 34 -80 34 -18 -30 -17 0 0 32 15 67 2 98 -15 -140 -222 -106 -221 -71 -218 -33 -203 -73 -201 -109 -203 108 -199 146 -210 181 -210 218 -212 184 -193 148 -193 -62 51 -28 50 5 44 31 54 59 46 90 51 126 56 91 98 59 117 29 120 -1 116 -32 95 -46 58 4 70 31 75 58 71 108 62 58 74 30 78 2 72 1280 1360
-219 -291 -212 -212 -196 -141 -178 -74 -156 -6 -120 59 -77 122 -26 177 38 195 103 183 159 132 210 72 252 5 278 -65 294 -134 309 -208 315 -284 -195 -281 -157 -303 -107 -300 -57 -286 -11 -261 82 -257 135 -277 188 -287 242 -285 283 -261 37 -202 36 -139 34 -78 32 -17 -29 -18 0 0 32 16 66 3 95 -13 -139 -220 -106 -221 -71 -217 -34 -203 -73 -201 -108 -204 108 -198 146 -209 182 -209 217 -209 184 -192 148 -191 -62 50 -27 50 5 46 30 56 58 47 91 53 130 56 93 96 60 115 29 119 1 113 -30 93 -46 57 5 70 31 74 59 71 112 62 58 75 29 79 3 74 1280 1370
-221 -309 -214 -229 -198 -153 -182 -81 -160 -11 -122 54 -79 117 -28 172 37 189 105 177 162 125 213 62 257 -8 283 -78 297 -150 306 -227 310 -303 -193 -283 -156 -306 -104 -302 -53 -289 -8 -265 83 -261 133 -281 185 -291 237 -291 277 -267 36 -203 36 -140 36 -79 36 -16 -30 -18 0 0 33 15 68 2 99 -14 -136 -221 -101 -221 -67 -218 -31 -204 -69 -200 -104 -202 108 -200 145 -211 180 -212 214 -211 182 -192 147 -192 -62 51 -27 50 6 45 31 54 58 47 89 53 124 56 90 95 58 115 29 119 1 113 -30 92 -45 57 6 71 31 76 58 72 106 62 57 73 29 77 3 71 1280 1380
-213 -295 -208 -216 -194 -143 -177 -73 -154 -4 -117 59 -75 119 -25 171 38 186 105 174 164 127 215 67 258 0 282 -69 297 -139 308 -213 310 -286 -188 -285 -150 -307 -103 -301 -53 -287 -8 -264 84 -259 133 -278 184 -291 235 -290 275 -267 36 -204 36 -142 35 -81 36 -20 -29 -18 0 0 34 14 68 1 100 -14 -140 -221 -107 -223 -73 -219 -34 -203 -74 -201 -110 -204 106 -200 143 -211 178 -212 213 -211 180 -193 144 -193 -64 48 -28 49 6 45 32 54 56 46 89 52 127 54 90 93 57 113 28 116 1 111 -31 89 -48 55 5 68 32 73 56 70 110 60 56 71 30 75 4 70 1280 1390
-214 -298 -208 -217 -196 -141 -179 -70 -156 0 -120 64 -79 123 -30 173 33 186 98 175 154 129 205 73 249 8 277 -60 297 -133 310 -211 317 -291 -198 -280 -160 -304 -110 -299 -59 -286 -12 -263 80 -258 132 -278 184 -289 237 -290 277 -268 34 -201 33 -138 33 -77 33 -16 -31 -17 0 0 34 15 68 1 97 -15 -138 -218 -105 -218 -71 -215 -36 -202 -74 -199 -109 -201 109 -199 145 -208 179 -208 214 -208 181 -192 146 -192 -60 52 -26 52 7 48 32 57 59 48 92 53 126 55 94 93 61 115 31 119 3 114 -29 92 -43 59 6 71 32 75 59 71 110 61 59 75 32 79 6 74 1280 1400
-222 -305 -216 -222 -202 -142 -184 -68 -158 5 -124 75 -85 141 -32 194 35 210 102 197 157 144 202 76 244 3 275 -70 296 -148 309 -229 313 -312 -193 -279 -158 -302 -111 -299 -61 -284 -16 -260 81 -256 128 -277 177 -291 227 -295 269 -277 35 -202 35 -139 34 -77 34 -14 -29 -19 0 0 33 16 67 1 97 -15 -136 -220 -104 -218 -72 -215 -38 -205 -74 -204 -106 -206 110 -204 144 -211 176 -213 208 -215 177 -199 146 -199 -64 50 -32 52 5 50 33 58 60 50 92 52 124 53 92 92 60 113 30 118 -1 113 -35 92 -48 57 4 73 32 76 60 73 106 59 59 74 31 79 2 74 1280 1460
-226 -303 -221 -222 -205 -145 -186 -71 -159 -1 -119 60 -75 118 -25 169 36 182 98 171 151 123 199 65 241 -1 268 -70 289 -143 304 -219 311 -299 -204 -282 -164 -305 -112 -302 -60 -288 -11 -263 75 -262 127 -285 180 -298 233 -300 276 -280 32 -204 34 -142 34 -81 35 -19 -30 -17 0 0 34 14 67 1 97 -17 -144 -217 -109 -218 -73 -217 -37 -203 -75 -198 -112 -199 104 -203 140 -215 175 -216 209 -217 178 -198 143 -197 -60 52 -26 51 9 46 35 55 61 45 95 50 130 50 97 91 65 114 35 119 6 115 -27 95 -43 58 9 68 34 72 62 67 113 56 62 74 35 78 8 74 1280 1480
-220 -308 -213 -225 -201 -149 -183 -76 -156 -7 -116 56 -71 117 -21 170 41 185 105 170 158 118 209 58 253 -12 281 -84 297 -158 309 -237 314 -320 -199 -282 -163 -305 -114 -302 -63 -287 -17 -264 75 -261 125 -280 177 -292 229 -295 271 -276 31 -204 32 -141 33 -80 33 -17 -28 -16 0 0 33 15 67 1 96 -16 -143 -225 -111 -227 -76 -224 -40 -206 -77 -203 -113 -206 104 -205 139 -219 174 -220 207 -218 176 -201 142 -200 -59 51 -27 50 6 45 32 55 59 46 92 51 125 52 94 92 61 115 31 119 3 114 -29 92 -43 58 6 69 32 74 59 69 108 59 59 74 32 79 5 74 1280 1490
